0 0 0.132604
0 1 0.134213
0 2 0.135121
0 3 0.135537
0 4 0.138169
0 5 0.140405
0 6 0.14109
0 7 0.139353
0 8 0.139047
0 9 0.137074
0 10 0.136177
0 11 0.135423
0 12 0.134275
0 13 0.135048
0 14 0.13316
0 15 0.133221
0 16 0.13496
0 17 0.135603
0 18 0.135206
0 19 0.134449
0 20 0.135504
0 21 0.137033
0 22 0.136389
0 23 0.1391
0 24 0.1398
0 25 0.138464
0 26 0.140711
0 27 0.140224
0 28 0.141866
0 29 0.142748
0 30 0.142309
0 31 0.141589
0 32 0.140537
0 33 0.142985
0 34 0.142714
0 35 0.142577
0 36 0.140703
0 37 0.139995
0 38 0.138529
0 39 0.138248
0 40 0.138737
0 41 0.137297
0 42 0.136798
0 43 0.135519
0 44 0.131946
0 45 0.130816
0 46 0.129366
0 47 0.130696
0 48 0.129594
0 49 0.127698
0 50 0.12568
0 51 0.124178
0 52 0.12397
0 53 0.122481
0 54 0.122203
0 55 0.120715
0 56 0.120545
0 57 0.120415
0 58 0.121938
0 59 0.123428
0 60 0.124093
0 61 0.125063
0 62 0.124161
0 63 0.125305
0 64 0.127642
0 65 0.127598
0 66 0.128669
0 67 0.129619
0 68 0.13146
0 69 0.131387
0 70 0.131379
0 71 0.13358
0 72 0.134528
0 73 0.137217
0 74 0.138041
0 75 0.138955
0 76 0.138208
0 77 0.137597
0 78 0.138429
0 79 0.135897
0 80 0.136962
0 81 0.137528

1 0 0.133782
1 1 0.135104
1 2 0.137223
1 3 0.13799
1 4 0.13957
1 5 0.141914
1 6 0.142483
1 7 0.140401
1 8 0.138579
1 9 0.137133
1 10 0.137491
1 11 0.135947
1 12 0.135384
1 13 0.135327
1 14 0.134505
1 15 0.13377
1 16 0.134109
1 17 0.134133
1 18 0.134776
1 19 0.135135
1 20 0.136068
1 21 0.138087
1 22 0.137542
1 23 0.138657
1 24 0.137558
1 25 0.138862
1 26 0.139728
1 27 0.140694
1 28 0.141062
1 29 0.14222
1 30 0.14076
1 31 0.141471
1 32 0.140953
1 33 0.142238
1 34 0.142865
1 35 0.142456
1 36 0.140907
1 37 0.141083
1 38 0.138148
1 39 0.138514
1 40 0.137197
1 41 0.135962
1 42 0.136039
1 43 0.134639
1 44 0.133048
1 45 0.132398
1 46 0.131976
1 47 0.131615
1 48 0.129953
1 49 0.127479
1 50 0.124955
1 51 0.124106
1 52 0.122821
1 53 0.122336
1 54 0.12277
1 55 0.12078
1 56 0.120642
1 57 0.12056
1 58 0.121408
1 59 0.123827
1 60 0.124484
1 61 0.124783
1 62 0.12502
1 63 0.125166
1 64 0.127616
1 65 0.12772
1 66 0.129236
1 67 0.129629
1 68 0.130709
1 69 0.131222
1 70 0.131552
1 71 0.132736
1 72 0.133793
1 73 0.136092
1 74 0.136701
1 75 0.138004
1 76 0.138535
1 77 0.137154
1 78 0.138055
1 79 0.135666
1 80 0.136787
1 81 0.139477

2 0 0.135617
2 1 0.136134
2 2 0.140428
2 3 0.140459
2 4 0.141048
2 5 0.142046
2 6 0.141875
2 7 0.142223
2 8 0.140525
2 9 0.138749
2 10 0.138998
2 11 0.138468
2 12 0.136071
2 13 0.135628
2 14 0.13512
2 15 0.133133
2 16 0.134805
2 17 0.135742
2 18 0.136105
2 19 0.134813
2 20 0.136486
2 21 0.137848
2 22 0.138957
2 23 0.139173
2 24 0.138099
2 25 0.137676
2 26 0.138526
2 27 0.140546
2 28 0.140829
2 29 0.140641
2 30 0.140274
2 31 0.14163
2 32 0.142043
2 33 0.141502
2 34 0.140825
2 35 0.141623
2 36 0.140242
2 37 0.14093
2 38 0.139208
2 39 0.139186
2 40 0.13867
2 41 0.13706
2 42 0.135196
2 43 0.135166
2 44 0.133726
2 45 0.132988
2 46 0.1334
2 47 0.131203
2 48 0.130985
2 49 0.128447
2 50 0.127218
2 51 0.124804
2 52 0.123674
2 53 0.123063
2 54 0.122543
2 55 0.120877
2 56 0.119824
2 57 0.120697
2 58 0.121451
2 59 0.122751
2 60 0.125296
2 61 0.12379
2 62 0.124743
2 63 0.126577
2 64 0.12751
2 65 0.128126
2 66 0.128635
2 67 0.129556
2 68 0.130181
2 69 0.132
2 70 0.131821
2 71 0.133141
2 72 0.134267
2 73 0.135387
2 74 0.136668
2 75 0.137664
2 76 0.137116
2 77 0.137906
2 78 0.136359
2 79 0.137693
2 80 0.136952
2 81 0.139764

3 0 0.136973
3 1 0.138168
3 2 0.140255
3 3 0.142136
3 4 0.142725
3 5 0.143933
3 6 0.143859
3 7 0.141633
3 8 0.141702
3 9 0.140216
3 10 0.138851
3 11 0.138587
3 12 0.137575
3 13 0.136137
3 14 0.135746
3 15 0.135225
3 16 0.135663
3 17 0.136263
3 18 0.135208
3 19 0.135471
3 20 0.136073
3 21 0.135767
3 22 0.136665
3 23 0.138947
3 24 0.140036
3 25 0.138169
3 26 0.137326
3 27 0.139524
3 28 0.140452
3 29 0.140917
3 30 0.140683
3 31 0.140693
3 32 0.142225
3 33 0.142107
3 34 0.141334
3 35 0.141464
3 36 0.141171
3 37 0.140942
3 38 0.141277
3 39 0.139128
3 40 0.138966
3 41 0.138227
3 42 0.136063
3 43 0.134935
3 44 0.134131
3 45 0.133501
3 46 0.132268
3 47 0.133009
3 48 0.131904
3 49 0.128803
3 50 0.128351
3 51 0.125938
3 52 0.124404
3 53 0.123821
3 54 0.122691
3 55 0.120235
3 56 0.119654
3 57 0.1211
3 58 0.122782
3 59 0.123416
3 60 0.123621
3 61 0.123888
3 62 0.124448
3 63 0.126576
3 64 0.128424
3 65 0.128346
3 66 0.12905
3 67 0.130422
3 68 0.131527
3 69 0.13246
3 70 0.132748
3 71 0.133033
3 72 0.134268
3 73 0.13511
3 74 0.13549
3 75 0.135905
3 76 0.137023
3 77 0.137099
3 78 0.136054
3 79 0.135248
3 80 0.137077
3 81 0.139523

4 0 0.137959
4 1 0.138819
4 2 0.142274
4 3 0.144416
4 4 0.144859
4 5 0.145508
4 6 0.144172
4 7 0.143482
4 8 0.141288
4 9 0.140895
4 10 0.139526
4 11 0.138116
4 12 0.137556
4 13 0.137081
4 14 0.136304
4 15 0.136622
4 16 0.135437
4 17 0.136806
4 18 0.136831
4 19 0.137042
4 20 0.135779
4 21 0.136019
4 22 0.135874
4 23 0.136824
4 24 0.137113
4 25 0.136815
4 26 0.137235
4 27 0.137782
4 28 0.140695
4 29 0.141478
4 30 0.140487
4 31 0.139315
4 32 0.141047
4 33 0.142189
4 34 0.141928
4 35 0.141744
4 36 0.141873
4 37 0.142103
4 38 0.140728
4 39 0.140093
4 40 0.13987
4 41 0.13853
4 42 0.137295
4 43 0.135096
4 44 0.133584
4 45 0.132756
4 46 0.133987
4 47 0.132622
4 48 0.132288
4 49 0.130459
4 50 0.128938
4 51 0.126312
4 52 0.125109
4 53 0.125041
4 54 0.123764
4 55 0.122346
4 56 0.120412
4 57 0.121669
4 58 0.123642
4 59 0.123077
4 60 0.12318
4 61 0.123056
4 62 0.122727
4 63 0.126283
4 64 0.127027
4 65 0.127896
4 66 0.129953
4 67 0.130806
4 68 0.130772
4 69 0.132669
4 70 0.132861
4 71 0.134284
4 72 0.134892
4 73 0.134578
4 74 0.135415
4 75 0.135976
4 76 0.13678
4 77 0.136361
4 78 0.136146
4 79 0.13608
4 80 0.137596
4 81 0.13953

5 0 0.138103
5 1 0.139561
5 2 0.141629
5 3 0.143301
5 4 0.144099
5 5 0.144947
5 6 0.14415
5 7 0.144105
5 8 0.14166
5 9 0.14147
5 10 0.141387
5 11 0.139639
5 12 0.137703
5 13 0.138121
5 14 0.137854
5 15 0.136026
5 16 0.136218
5 17 0.136947
5 18 0.136611
5 19 0.13788
5 20 0.137569
5 21 0.136887
5 22 0.136481
5 23 0.137406
5 24 0.137742
5 25 0.136661
5 26 0.137039
5 27 0.137846
5 28 0.139589
5 29 0.139233
5 30 0.139826
5 31 0.139716
5 32 0.14038
5 33 0.141199
5 34 0.141401
5 35 0.141887
5 36 0.14275
5 37 0.143173
5 38 0.142295
5 39 0.141268
5 40 0.139896
5 41 0.139232
5 42 0.138203
5 43 0.136368
5 44 0.13451
5 45 0.134064
5 46 0.134107
5 47 0.133028
5 48 0.133705
5 49 0.132239
5 50 0.129728
5 51 0.125936
5 52 0.125106
5 53 0.124667
5 54 0.122899
5 55 0.121318
5 56 0.120983
5 57 0.121951
5 58 0.123325
5 59 0.122703
5 60 0.122453
5 61 0.121967
5 62 0.123682
5 63 0.125836
5 64 0.127955
5 65 0.128785
5 66 0.130384
5 67 0.131496
5 68 0.132667
5 69 0.132129
5 70 0.132375
5 71 0.13351
5 72 0.134922
5 73 0.135179
5 74 0.136081
5 75 0.136062
5 76 0.136998
5 77 0.135346
5 78 0.136597
5 79 0.136378
5 80 0.137525
5 81 0.138735

6 0 0.141366
6 1 0.142572
6 2 0.142384
6 3 0.143687
6 4 0.144424
6 5 0.144547
6 6 0.144526
6 7 0.143697
6 8 0.142062
6 9 0.142418
6 10 0.141464
6 11 0.139976
6 12 0.139014
6 13 0.137523
6 14 0.137431
6 15 0.13777
6 16 0.13632
6 17 0.138088
6 18 0.138912
6 19 0.138644
6 20 0.137481
6 21 0.137109
6 22 0.136994
6 23 0.137086
6 24 0.138146
6 25 0.138175
6 26 0.137272
6 27 0.13804
6 28 0.140192
6 29 0.13901
6 30 0.139099
6 31 0.140255
6 32 0.140624
6 33 0.141013
6 34 0.141208
6 35 0.142641
6 36 0.143418
6 37 0.142388
6 38 0.142905
6 39 0.142538
6 40 0.1414
6 41 0.138942
6 42 0.137273
6 43 0.1365
6 44 0.13481
6 45 0.133261
6 46 0.132939
6 47 0.132376
6 48 0.13269
6 49 0.131895
6 50 0.130775
6 51 0.128614
6 52 0.12594
6 53 0.124895
6 54 0.123272
6 55 0.122065
6 56 0.121536
6 57 0.121234
6 58 0.122338
6 59 0.122126
6 60 0.122581
6 61 0.122859
6 62 0.123981
6 63 0.126116
6 64 0.129118
6 65 0.130038
6 66 0.130996
6 67 0.132189
6 68 0.13321
6 69 0.133108
6 70 0.133441
6 71 0.133907
6 72 0.134654
6 73 0.136254
6 74 0.136761
6 75 0.137609
6 76 0.137521
6 77 0.136702
6 78 0.137315
6 79 0.137524
6 80 0.137963
6 81 0.138139

7 0 0.142519
7 1 0.142799
7 2 0.143117
7 3 0.144108
7 4 0.143363
7 5 0.14416
7 6 0.144654
7 7 0.143772
7 8 0.142514
7 9 0.142034
7 10 0.140371
7 11 0.139289
7 12 0.137554
7 13 0.137101
7 14 0.137065
7 15 0.137559
7 16 0.136194
7 17 0.136147
7 18 0.136563
7 19 0.137382
7 20 0.138056
7 21 0.136686
7 22 0.137328
7 23 0.136836
7 24 0.137667
7 25 0.138132
7 26 0.139392
7 27 0.14002
7 28 0.140778
7 29 0.140696
7 30 0.140207
7 31 0.139256
7 32 0.14042
7 33 0.140539
7 34 0.14145
7 35 0.142846
7 36 0.142802
7 37 0.143812
7 38 0.143201
7 39 0.143689
7 40 0.143064
7 41 0.139702
7 42 0.137955
7 43 0.136894
7 44 0.135355
7 45 0.134218
7 46 0.133235
7 47 0.131505
7 48 0.131136
7 49 0.13082
7 50 0.131105
7 51 0.126964
7 52 0.125183
7 53 0.124303
7 54 0.12335
7 55 0.122483
7 56 0.122555
7 57 0.122789
7 58 0.122619
7 59 0.122748
7 60 0.12304
7 61 0.122573
7 62 0.124486
7 63 0.126742
7 64 0.128745
7 65 0.130323
7 66 0.132387
7 67 0.133367
7 68 0.134737
7 69 0.134779
7 70 0.13429
7 71 0.135234
7 72 0.135902
7 73 0.136797
7 74 0.138004
7 75 0.139184
7 76 0.138981
7 77 0.138489
7 78 0.139139
7 79 0.137853
7 80 0.139592
7 81 0.13986

8 0 0.144143
8 1 0.14457
8 2 0.144793
8 3 0.144009
8 4 0.144274
8 5 0.144972
8 6 0.144608
8 7 0.143882
8 8 0.142975
8 9 0.14092
8 10 0.141092
8 11 0.139343
8 12 0.137927
8 13 0.136676
8 14 0.138164
8 15 0.138535
8 16 0.137817
8 17 0.137319
8 18 0.136283
8 19 0.136301
8 20 0.136458
8 21 0.136013
8 22 0.137021
8 23 0.137718
8 24 0.137966
8 25 0.138388
8 26 0.138106
8 27 0.139627
8 28 0.141027
8 29 0.139862
8 30 0.140568
8 31 0.139663
8 32 0.139645
8 33 0.141284
8 34 0.142215
8 35 0.142598
8 36 0.14365
8 37 0.145464
8 38 0.144564
8 39 0.144125
8 40 0.143612
8 41 0.139637
8 42 0.138569
8 43 0.136805
8 44 0.135754
8 45 0.135428
8 46 0.134058
8 47 0.131655
8 48 0.131485
8 49 0.131642
8 50 0.129311
8 51 0.126532
8 52 0.124698
8 53 0.124171
8 54 0.124237
8 55 0.123207
8 56 0.123329
8 57 0.124112
8 58 0.123595
8 59 0.124291
8 60 0.124246
8 61 0.12551
8 62 0.126127
8 63 0.127798
8 64 0.131066
8 65 0.132379
8 66 0.134173
8 67 0.13466
8 68 0.135124
8 69 0.134903
8 70 0.135394
8 71 0.135782
8 72 0.13625
8 73 0.137462
8 74 0.138684
8 75 0.139236
8 76 0.139499
8 77 0.139416
8 78 0.138354
8 79 0.138667
8 80 0.140273
8 81 0.140248

9 0 0.145919
9 1 0.145901
9 2 0.145205
9 3 0.144791
9 4 0.144582
9 5 0.144532
9 6 0.144046
9 7 0.14293
9 8 0.140919
9 9 0.141185
9 10 0.140222
9 11 0.138855
9 12 0.136147
9 13 0.135783
9 14 0.137057
9 15 0.13787
9 16 0.13943
9 17 0.137903
9 18 0.13721
9 19 0.136472
9 20 0.134176
9 21 0.134954
9 22 0.136325
9 23 0.137845
9 24 0.13706
9 25 0.137037
9 26 0.140171
9 27 0.140366
9 28 0.139708
9 29 0.140959
9 30 0.141166
9 31 0.140325
9 32 0.139647
9 33 0.140787
9 34 0.142516
9 35 0.143648
9 36 0.144471
9 37 0.14461
9 38 0.143723
9 39 0.145251
9 40 0.144624
9 41 0.142718
9 42 0.139496
9 43 0.138327
9 44 0.136959
9 45 0.135922
9 46 0.133807
9 47 0.132477
9 48 0.130896
9 49 0.130476
9 50 0.129076
9 51 0.128084
9 52 0.125127
9 53 0.124896
9 54 0.124553
9 55 0.124312
9 56 0.124213
9 57 0.124825
9 58 0.125844
9 59 0.126834
9 60 0.125674
9 61 0.126187
9 62 0.128038
9 63 0.129551
9 64 0.132101
9 65 0.132735
9 66 0.134903
9 67 0.135903
9 68 0.13634
9 69 0.135747
9 70 0.136307
9 71 0.136292
9 72 0.135909
9 73 0.137926
9 74 0.138469
9 75 0.13898
9 76 0.138875
9 77 0.139655
9 78 0.140393
9 79 0.139583
9 80 0.139598
9 81 0.141301

10 0 0.147677
10 1 0.146724
10 2 0.146373
10 3 0.146158
10 4 0.145635
10 5 0.143749
10 6 0.143767
10 7 0.141961
10 8 0.140216
10 9 0.140429
10 10 0.139414
10 11 0.137718
10 12 0.136264
10 13 0.134622
10 14 0.135595
10 15 0.13525
10 16 0.137917
10 17 0.138468
10 18 0.137581
10 19 0.13724
10 20 0.135787
10 21 0.134964
10 22 0.134302
10 23 0.135345
10 24 0.136549
10 25 0.136165
10 26 0.137104
10 27 0.140986
10 28 0.140602
10 29 0.14096
10 30 0.140814
10 31 0.140967
10 32 0.1401
10 33 0.140461
10 34 0.141805
10 35 0.142467
10 36 0.144967
10 37 0.144271
10 38 0.145386
10 39 0.145209
10 40 0.145544
10 41 0.144082
10 42 0.141024
10 43 0.138638
10 44 0.137746
10 45 0.136395
10 46 0.133742
10 47 0.131788
10 48 0.130349
10 49 0.130877
10 50 0.129773
10 51 0.128034
10 52 0.126952
10 53 0.1251
10 54 0.124779
10 55 0.124245
10 56 0.1251
10 57 0.125648
10 58 0.126593
10 59 0.127721
10 60 0.12725
10 61 0.126777
10 62 0.128681
10 63 0.130779
10 64 0.132794
10 65 0.133785
10 66 0.13573
10 67 0.136602
10 68 0.137587
10 69 0.137377
10 70 0.137339
10 71 0.138023
10 72 0.137804
10 73 0.13821
10 74 0.137632
10 75 0.138498
10 76 0.139813
10 77 0.139955
10 78 0.140745
10 79 0.139684
10 80 0.139814
10 81 0.142293

11 0 0.150024
11 1 0.14888
11 2 0.148067
11 3 0.146495
11 4 0.145464
11 5 0.144048
11 6 0.142983
11 7 0.14105
11 8 0.140336
11 9 0.139162
11 10 0.139636
11 11 0.13787
11 12 0.137221
11 13 0.135875
11 14 0.134979
11 15 0.134301
11 16 0.135988
11 17 0.137364
11 18 0.136732
11 19 0.137971
11 20 0.136254
11 21 0.134574
11 22 0.134853
11 23 0.134342
11 24 0.136768
11 25 0.136325
11 26 0.136222
11 27 0.139179
11 28 0.138793
11 29 0.139713
11 30 0.140217
11 31 0.139559
11 32 0.141149
11 33 0.139989
11 34 0.140174
11 35 0.141384
11 36 0.142915
11 37 0.144012
11 38 0.145834
11 39 0.146529
11 40 0.147114
11 41 0.145523
11 42 0.142412
11 43 0.14073
11 44 0.138405
11 45 0.136194
11 46 0.133706
11 47 0.13176
11 48 0.130521
11 49 0.129967
11 50 0.131311
11 51 0.12823
11 52 0.128215
11 53 0.127149
11 54 0.125587
11 55 0.124553
11 56 0.124927
11 57 0.125716
11 58 0.127062
11 59 0.127214
11 60 0.127647
11 61 0.127979
11 62 0.129884
11 63 0.130986
11 64 0.132544
11 65 0.134864
11 66 0.136351
11 67 0.137
11 68 0.138127
11 69 0.138191
11 70 0.138001
11 71 0.139013
11 72 0.138923
11 73 0.138716
11 74 0.139335
11 75 0.13911
11 76 0.137767
11 77 0.138978
11 78 0.140997
11 79 0.14025
11 80 0.140661
11 81 0.140382

12 0 0.152831
12 1 0.15122
12 2 0.149772
12 3 0.149491
12 4 0.147031
12 5 0.146417
12 6 0.143559
12 7 0.143168
12 8 0.140707
12 9 0.139805
12 10 0.138076
12 11 0.137794
12 12 0.137751
12 13 0.13794
12 14 0.135045
12 15 0.134105
12 16 0.134523
12 17 0.136614
12 18 0.138427
12 19 0.137913
12 20 0.13617
12 21 0.135601
12 22 0.134442
12 23 0.13382
12 24 0.134968
12 25 0.136106
12 26 0.136085
12 27 0.137274
12 28 0.13892
12 29 0.138956
12 30 0.138758
12 31 0.137431
12 32 0.139583
12 33 0.140462
12 34 0.139447
12 35 0.141975
12 36 0.142726
12 37 0.144697
12 38 0.144487
12 39 0.145854
12 40 0.146059
12 41 0.144632
12 42 0.14333
12 43 0.140381
12 44 0.138975
12 45 0.137582
12 46 0.135557
12 47 0.132893
12 48 0.131085
12 49 0.131247
12 50 0.129087
12 51 0.128434
12 52 0.127636
12 53 0.127794
12 54 0.125582
12 55 0.124582
12 56 0.12592
12 57 0.126171
12 58 0.127875
12 59 0.127978
12 60 0.129102
12 61 0.129535
12 62 0.131569
12 63 0.132297
12 64 0.133968
12 65 0.134391
12 66 0.136382
12 67 0.136794
12 68 0.138705
12 69 0.137855
12 70 0.138334
12 71 0.139672
12 72 0.138473
12 73 0.139121
12 74 0.139816
12 75 0.138051
12 76 0.13736
12 77 0.137764
12 78 0.139299
12 79 0.141074
12 80 0.141394
12 81 0.141939

13 0 0.153521
13 1 0.155095
13 2 0.153812
13 3 0.151631
13 4 0.149615
13 5 0.146982
13 6 0.144202
13 7 0.14353
13 8 0.14261
13 9 0.141187
13 10 0.138713
13 11 0.137558
13 12 0.136966
13 13 0.135834
13 14 0.134348
13 15 0.133185
13 16 0.13429
13 17 0.136157
13 18 0.137788
13 19 0.138184
13 20 0.137654
13 21 0.136938
13 22 0.13528
13 23 0.135074
13 24 0.135002
13 25 0.13475
13 26 0.136305
13 27 0.136455
13 28 0.136579
13 29 0.13747
13 30 0.137877
13 31 0.138002
13 32 0.139206
13 33 0.139261
13 34 0.138305
13 35 0.141202
13 36 0.143609
13 37 0.14325
13 38 0.144888
13 39 0.145957
13 40 0.146023
13 41 0.145101
13 42 0.143842
13 43 0.141757
13 44 0.137641
13 45 0.137369
13 46 0.136971
13 47 0.135633
13 48 0.13265
13 49 0.132239
13 50 0.129884
13 51 0.128138
13 52 0.127658
13 53 0.127409
13 54 0.12747
13 55 0.125423
13 56 0.125768
13 57 0.126884
13 58 0.128267
13 59 0.129695
13 60 0.131187
13 61 0.131497
13 62 0.131491
13 63 0.134545
13 64 0.135363
13 65 0.135109
13 66 0.136508
13 67 0.138119
13 68 0.139106
13 69 0.138227
13 70 0.13835
13 71 0.138794
13 72 0.139643
13 73 0.140639
13 74 0.138209
13 75 0.139504
13 76 0.137921
13 77 0.137933
13 78 0.139993
13 79 0.141757
13 80 0.141712
13 81 0.141405

14 0 0.154088
14 1 0.155644
14 2 0.153981
14 3 0.153438
14 4 0.152
14 5 0.149311
14 6 0.148095
14 7 0.144667
14 8 0.144598
14 9 0.14264
14 10 0.14036
14 11 0.13932
14 12 0.137276
14 13 0.135396
14 14 0.134589
14 15 0.133985
14 16 0.133359
14 17 0.136084
14 18 0.137567
14 19 0.138435
14 20 0.138532
14 21 0.137186
14 22 0.137151
14 23 0.136179
14 24 0.135436
14 25 0.135687
14 26 0.134916
14 27 0.135388
14 28 0.136638
14 29 0.138204
14 30 0.137562
14 31 0.138607
14 32 0.138676
14 33 0.138255
14 34 0.138531
14 35 0.14165
14 36 0.142647
14 37 0.144372
14 38 0.145409
14 39 0.144492
14 40 0.145185
14 41 0.145315
14 42 0.143535
14 43 0.142139
14 44 0.139346
14 45 0.137737
14 46 0.137601
14 47 0.136676
14 48 0.133634
14 49 0.131234
14 50 0.131007
14 51 0.129937
14 52 0.128865
14 53 0.128407
14 54 0.128814
14 55 0.128101
14 56 0.127328
14 57 0.128163
14 58 0.129464
14 59 0.131897
14 60 0.133087
14 61 0.13355
14 62 0.133554
14 63 0.13508
14 64 0.13529
14 65 0.136139
14 66 0.136139
14 67 0.138544
14 68 0.138284
14 69 0.139361
14 70 0.138304
14 71 0.138583
14 72 0.139259
14 73 0.140402
14 74 0.139535
14 75 0.140133
14 76 0.139133
14 77 0.139549
14 78 0.140827
14 79 0.141772
14 80 0.142238
14 81 0.142506

15 0 0.154503
15 1 0.155657
15 2 0.156158
15 3 0.155618
15 4 0.154779
15 5 0.152781
15 6 0.149859
15 7 0.147888
15 8 0.145712
15 9 0.144938
15 10 0.141581
15 11 0.139789
15 12 0.138277
15 13 0.135704
15 14 0.134864
15 15 0.134115
15 16 0.134539
15 17 0.135525
15 18 0.136158
15 19 0.138588
15 20 0.140054
15 21 0.140927
15 22 0.138624
15 23 0.137144
15 24 0.136914
15 25 0.135743
15 26 0.13427
15 27 0.135923
15 28 0.137212
15 29 0.137759
15 30 0.139248
15 31 0.138221
15 32 0.138426
15 33 0.138952
15 34 0.14017
15 35 0.141513
15 36 0.144258
15 37 0.145134
15 38 0.144988
15 39 0.145453
15 40 0.145704
15 41 0.146621
15 42 0.144985
15 43 0.143393
15 44 0.140719
15 45 0.138916
15 46 0.138479
15 47 0.136831
15 48 0.134891
15 49 0.131777
15 50 0.131576
15 51 0.130836
15 52 0.130379
15 53 0.130029
15 54 0.130745
15 55 0.129365
15 56 0.129173
15 57 0.130102
15 58 0.13173
15 59 0.133563
15 60 0.133942
15 61 0.134641
15 62 0.135475
15 63 0.136746
15 64 0.137939
15 65 0.137843
15 66 0.137812
15 67 0.138415
15 68 0.138601
15 69 0.139683
15 70 0.139568
15 71 0.14008
15 72 0.14041
15 73 0.141642
15 74 0.1415
15 75 0.139637
15 76 0.140217
15 77 0.140165
15 78 0.140903
15 79 0.142784
15 80 0.143625
15 81 0.142538

16 0 0.156269
16 1 0.156052
16 2 0.156259
16 3 0.157015
16 4 0.156779
16 5 0.154972
16 6 0.153368
16 7 0.15011
16 8 0.147995
16 9 0.146607
16 10 0.142874
16 11 0.141601
16 12 0.139481
16 13 0.13809
16 14 0.135801
16 15 0.135301
16 16 0.135594
16 17 0.137234
16 18 0.138162
16 19 0.139466
16 20 0.139712
16 21 0.140886
16 22 0.139941
16 23 0.137803
16 24 0.138687
16 25 0.136884
16 26 0.136809
16 27 0.138168
16 28 0.138427
16 29 0.138776
16 30 0.137675
16 31 0.139591
16 32 0.139513
16 33 0.139916
16 34 0.139438
16 35 0.141806
16 36 0.143551
16 37 0.144024
16 38 0.144769
16 39 0.14515
16 40 0.144042
16 41 0.145419
16 42 0.143923
16 43 0.145005
16 44 0.141231
16 45 0.139793
16 46 0.138422
16 47 0.135354
16 48 0.134448
16 49 0.13252
16 50 0.131114
16 51 0.131008
16 52 0.129879
16 53 0.130183
16 54 0.130933
16 55 0.129273
16 56 0.130061
16 57 0.130499
16 58 0.13311
16 59 0.134592
16 60 0.134716
16 61 0.135614
16 62 0.136295
16 63 0.136834
16 64 0.138405
16 65 0.139525
16 66 0.139712
16 67 0.139417
16 68 0.139483
16 69 0.140551
16 70 0.139912
16 71 0.140071
16 72 0.140803
16 73 0.141494
16 74 0.141779
16 75 0.140489
16 76 0.14073
16 77 0.140395
16 78 0.141324
16 79 0.142732
16 80 0.143709
16 81 0.144026

17 0 0.157601
17 1 0.156845
17 2 0.156721
17 3 0.156667
17 4 0.157638
17 5 0.155289
17 6 0.155824
17 7 0.151557
17 8 0.150541
17 9 0.147989
17 10 0.144798
17 11 0.142321
17 12 0.140736
17 13 0.140971
17 14 0.138464
17 15 0.137841
17 16 0.137695
17 17 0.137537
17 18 0.137606
17 19 0.139524
17 20 0.14119
17 21 0.141537
17 22 0.139388
17 23 0.139254
17 24 0.138731
17 25 0.138718
17 26 0.139757
17 27 0.139158
17 28 0.139937
17 29 0.139826
17 30 0.139141
17 31 0.14178
17 32 0.140458
17 33 0.139987
17 34 0.139704
17 35 0.142533
17 36 0.143817
17 37 0.144838
17 38 0.144884
17 39 0.143541
17 40 0.144797
17 41 0.144088
17 42 0.143942
17 43 0.14371
17 44 0.142034
17 45 0.139189
17 46 0.138797
17 47 0.13572
17 48 0.133663
17 49 0.132461
17 50 0.131064
17 51 0.130767
17 52 0.129801
17 53 0.131466
17 54 0.130544
17 55 0.130562
17 56 0.131077
17 57 0.132158
17 58 0.133118
17 59 0.134444
17 60 0.135434
17 61 0.136194
17 62 0.136845
17 63 0.137534
17 64 0.139395
17 65 0.140944
17 66 0.140993
17 67 0.140053
17 68 0.14004
17 69 0.141101
17 70 0.141041
17 71 0.14067
17 72 0.141839
17 73 0.142573
17 74 0.144236
17 75 0.14163
17 76 0.141199
17 77 0.141416
17 78 0.142537
17 79 0.143326
17 80 0.143969
17 81 0.143454

18 0 0.158661
18 1 0.158117
18 2 0.156933
18 3 0.15904
18 4 0.15858
18 5 0.157494
18 6 0.155199
18 7 0.15435
18 8 0.15243
18 9 0.150692
18 10 0.147571
18 11 0.145619
18 12 0.144009
18 13 0.142778
18 14 0.140781
18 15 0.140377
18 16 0.139322
18 17 0.140073
18 18 0.140114
18 19 0.139455
18 20 0.140694
18 21 0.141023
18 22 0.139986
18 23 0.139411
18 24 0.140098
18 25 0.140196
18 26 0.140624
18 27 0.141064
18 28 0.141414
18 29 0.140926
18 30 0.141153
18 31 0.140815
18 32 0.140497
18 33 0.139882
18 34 0.140057
18 35 0.14223
18 36 0.143498
18 37 0.145251
18 38 0.145617
18 39 0.144079
18 40 0.143573
18 41 0.143942
18 42 0.143064
18 43 0.142064
18 44 0.140831
18 45 0.138366
18 46 0.137775
18 47 0.135385
18 48 0.133902
18 49 0.133015
18 50 0.131399
18 51 0.130207
18 52 0.131312
18 53 0.131108
18 54 0.131833
18 55 0.131396
18 56 0.130727
18 57 0.132402
18 58 0.134608
18 59 0.136643
18 60 0.135837
18 61 0.136265
18 62 0.137006
18 63 0.138398
18 64 0.139074
18 65 0.142447
18 66 0.141761
18 67 0.140986
18 68 0.14162
18 69 0.140873
18 70 0.143054
18 71 0.142007
18 72 0.141791
18 73 0.143044
18 74 0.144532
18 75 0.143442
18 76 0.142858
18 77 0.142768
18 78 0.142238
18 79 0.143142
18 80 0.144457
18 81 0.14439

19 0 0.160194
19 1 0.158801
19 2 0.159471
19 3 0.159251
19 4 0.158887
19 5 0.159633
19 6 0.157387
19 7 0.156214
19 8 0.155238
19 9 0.152604
19 10 0.148999
19 11 0.148148
19 12 0.145954
19 13 0.145569
19 14 0.144534
19 15 0.144307
19 16 0.143104
19 17 0.141519
19 18 0.14104
19 19 0.141969
19 20 0.142238
19 21 0.142203
19 22 0.140956
19 23 0.138634
19 24 0.140651
19 25 0.140038
19 26 0.141071
19 27 0.141721
19 28 0.140621
19 29 0.140401
19 30 0.140742
19 31 0.139974
19 32 0.140235
19 33 0.14029
19 34 0.140226
19 35 0.142128
19 36 0.142675
19 37 0.142844
19 38 0.142852
19 39 0.142138
19 40 0.14319
19 41 0.143165
19 42 0.142132
19 43 0.141156
19 44 0.138473
19 45 0.138312
19 46 0.138197
19 47 0.13681
19 48 0.135133
19 49 0.13437
19 50 0.132666
19 51 0.131006
19 52 0.131266
19 53 0.130381
19 54 0.130797
19 55 0.13131
19 56 0.132182
19 57 0.132455
19 58 0.134473
19 59 0.136295
19 60 0.136311
19 61 0.138341
19 62 0.137797
19 63 0.139102
19 64 0.140002
19 65 0.141824
19 66 0.142341
19 67 0.142236
19 68 0.142861
19 69 0.143093
19 70 0.143
19 71 0.143211
19 72 0.142583
19 73 0.142371
19 74 0.144632
19 75 0.145223
19 76 0.143848
19 77 0.143467
19 78 0.142811
19 79 0.142455
19 80 0.144602
19 81 0.145821

20 0 0.160922
20 1 0.161195
20 2 0.161878
20 3 0.161713
20 4 0.161096
20 5 0.161061
20 6 0.159563
20 7 0.159311
20 8 0.159279
20 9 0.157012
20 10 0.15433
20 11 0.151927
20 12 0.149952
20 13 0.147582
20 14 0.147059
20 15 0.146181
20 16 0.144961
20 17 0.14457
20 18 0.143335
20 19 0.141536
20 20 0.1412
20 21 0.141507
20 22 0.141176
20 23 0.140464
20 24 0.140757
20 25 0.140819
20 26 0.141052
20 27 0.141625
20 28 0.14173
20 29 0.14048
20 30 0.139975
20 31 0.139656
20 32 0.139462
20 33 0.139032
20 34 0.139848
20 35 0.140881
20 36 0.141547
20 37 0.142266
20 38 0.139557
20 39 0.140353
20 40 0.140576
20 41 0.140231
20 42 0.139312
20 43 0.139233
20 44 0.139451
20 45 0.137434
20 46 0.136626
20 47 0.137867
20 48 0.136736
20 49 0.135071
20 50 0.133512
20 51 0.131624
20 52 0.13087
20 53 0.130018
20 54 0.130334
20 55 0.131359
20 56 0.131715
20 57 0.132852
20 58 0.134063
20 59 0.135954
20 60 0.138443
20 61 0.138883
20 62 0.139234
20 63 0.141205
20 64 0.141925
20 65 0.14403
20 66 0.144047
20 67 0.143903
20 68 0.144729
20 69 0.144136
20 70 0.144387
20 71 0.143532
20 72 0.144112
20 73 0.14481
20 74 0.146344
20 75 0.14431
20 76 0.144797
20 77 0.144347
20 78 0.144591
20 79 0.144614
20 80 0.145597
20 81 0.14696

21 0 0.163081
21 1 0.164092
21 2 0.164197
21 3 0.163869
21 4 0.162946
21 5 0.162842
21 6 0.16152
21 7 0.16213
21 8 0.162431
21 9 0.161228
21 10 0.158935
21 11 0.157133
21 12 0.155026
21 13 0.152015
21 14 0.14994
21 15 0.149385
21 16 0.147712
21 17 0.147406
21 18 0.144896
21 19 0.14272
21 20 0.143751
21 21 0.142406
21 22 0.141868
21 23 0.141868
21 24 0.140126
21 25 0.140778
21 26 0.139371
21 27 0.139503
21 28 0.14072
21 29 0.140981
21 30 0.139711
21 31 0.139855
21 32 0.140773
21 33 0.139387
21 34 0.14114
21 35 0.141634
21 36 0.141101
21 37 0.142303
21 38 0.141144
21 39 0.139877
21 40 0.139538
21 41 0.140536
21 42 0.138653
21 43 0.138385
21 44 0.138086
21 45 0.137493
21 46 0.137072
21 47 0.138096
21 48 0.136538
21 49 0.135829
21 50 0.135536
21 51 0.13324
21 52 0.131215
21 53 0.130301
21 54 0.130568
21 55 0.130861
21 56 0.131799
21 57 0.133318
21 58 0.13523
21 59 0.135623
21 60 0.138403
21 61 0.139249
21 62 0.140293
21 63 0.141844
21 64 0.143181
21 65 0.143717
21 66 0.144336
21 67 0.144848
21 68 0.145641
21 69 0.146005
21 70 0.146942
21 71 0.145227
21 72 0.145963
21 73 0.147871
21 74 0.147346
21 75 0.144894
21 76 0.14486
21 77 0.143845
21 78 0.144567
21 79 0.145527
21 80 0.146442
21 81 0.147419

22 0 0.165585
22 1 0.165436
22 2 0.165928
22 3 0.165748
22 4 0.165022
22 5 0.16403
22 6 0.163451
22 7 0.165564
22 8 0.164488
22 9 0.164488
22 10 0.162569
22 11 0.160621
22 12 0.15846
22 13 0.156396
22 14 0.153734
22 15 0.152825
22 16 0.149997
22 17 0.148965
22 18 0.147409
22 19 0.14597
22 20 0.145239
22 21 0.144491
22 22 0.142649
22 23 0.14204
22 24 0.139578
22 25 0.139269
22 26 0.137818
22 27 0.139081
22 28 0.139832
22 29 0.139987
22 30 0.140275
22 31 0.14122
22 32 0.141576
22 33 0.14057
22 34 0.141172
22 35 0.14089
22 36 0.141794
22 37 0.142385
22 38 0.142065
22 39 0.140968
22 40 0.140966
22 41 0.141052
22 42 0.139742
22 43 0.138673
22 44 0.138353
22 45 0.138864
22 46 0.137168
22 47 0.137391
22 48 0.137029
22 49 0.13606
22 50 0.137522
22 51 0.134724
22 52 0.132471
22 53 0.130025
22 54 0.129988
22 55 0.131386
22 56 0.131169
22 57 0.132544
22 58 0.1335
22 59 0.136588
22 60 0.137676
22 61 0.14029
22 62 0.141557
22 63 0.143068
22 64 0.143876
22 65 0.14516
22 66 0.146137
22 67 0.146672
22 68 0.147484
22 69 0.146642
22 70 0.147121
22 71 0.147094
22 72 0.147486
22 73 0.148899
22 74 0.148305
22 75 0.147837
22 76 0.144705
22 77 0.143649
22 78 0.144525
22 79 0.146385
22 80 0.1468
22 81 0.147869

23 0 0.168023
23 1 0.168343
23 2 0.168044
23 3 0.168015
23 4 0.166325
23 5 0.165258
23 6 0.165215
23 7 0.166841
23 8 0.166347
23 9 0.166138
23 10 0.164482
23 11 0.163524
23 12 0.160552
23 13 0.158395
23 14 0.156131
23 15 0.155691
23 16 0.15268
23 17 0.151756
23 18 0.150416
23 19 0.15017
23 20 0.150229
23 21 0.146732
23 22 0.145128
23 23 0.143673
23 24 0.141824
23 25 0.140476
23 26 0.139539
23 27 0.139685
23 28 0.14125
23 29 0.141483
23 30 0.140686
23 31 0.141243
23 32 0.142082
23 33 0.14204
23 34 0.141391
23 35 0.141828
23 36 0.14249
23 37 0.143918
23 38 0.143615
23 39 0.141907
23 40 0.141338
23 41 0.14175
23 42 0.142288
23 43 0.141668
23 44 0.139171
23 45 0.139189
23 46 0.137466
23 47 0.137698
23 48 0.136178
23 49 0.137078
23 50 0.137547
23 51 0.135524
23 52 0.133983
23 53 0.131767
23 54 0.131508
23 55 0.130978
23 56 0.131812
23 57 0.131661
23 58 0.133254
23 59 0.135307
23 60 0.138042
23 61 0.139799
23 62 0.141198
23 63 0.14396
23 64 0.144806
23 65 0.146819
23 66 0.146605
23 67 0.148254
23 68 0.148483
23 69 0.148617
23 70 0.148504
23 71 0.148701
23 72 0.149347
23 73 0.150455
23 74 0.150051
23 75 0.148787
23 76 0.145419
23 77 0.14434
23 78 0.144652
23 79 0.145886
23 80 0.147656
23 81 0.14784

24 0 0.169684
24 1 0.170692
24 2 0.16991
24 3 0.170702
24 4 0.168141
24 5 0.169208
24 6 0.168352
24 7 0.168253
24 8 0.168276
24 9 0.167771
24 10 0.165992
24 11 0.165135
24 12 0.164007
24 13 0.161556
24 14 0.159211
24 15 0.157469
24 16 0.156612
24 17 0.154476
24 18 0.154044
24 19 0.153082
24 20 0.151565
24 21 0.148818
24 22 0.148319
24 23 0.145327
24 24 0.143494
24 25 0.141913
24 26 0.140439
24 27 0.140819
24 28 0.143137
24 29 0.143578
24 30 0.142941
24 31 0.14118
24 32 0.141508
24 33 0.141813
24 34 0.142829
24 35 0.14304
24 36 0.144338
24 37 0.144877
24 38 0.143366
24 39 0.143068
24 40 0.142476
24 41 0.142893
24 42 0.142866
24 43 0.14164
24 44 0.140842
24 45 0.139335
24 46 0.13769
24 47 0.136773
24 48 0.13702
24 49 0.137302
24 50 0.135691
24 51 0.135139
24 52 0.135068
24 53 0.134422
24 54 0.132285
24 55 0.131388
24 56 0.131481
24 57 0.131589
24 58 0.133195
24 59 0.134034
24 60 0.138309
24 61 0.139276
24 62 0.141209
24 63 0.143656
24 64 0.144607
24 65 0.147125
24 66 0.147516
24 67 0.149718
24 68 0.148569
24 69 0.14918
24 70 0.148834
24 71 0.148727
24 72 0.150025
24 73 0.1505
24 74 0.149556
24 75 0.148235
24 76 0.146173
24 77 0.145678
24 78 0.144976
24 79 0.145837
24 80 0.147025
24 81 0.148027

25 0 0.172054
25 1 0.17255
25 2 0.171788
25 3 0.172894
25 4 0.171499
25 5 0.170857
25 6 0.170564
25 7 0.171014
25 8 0.170635
25 9 0.17047
25 10 0.170312
25 11 0.169587
25 12 0.16677
25 13 0.165157
25 14 0.163836
25 15 0.160953
25 16 0.158275
25 17 0.157053
25 18 0.157847
25 19 0.157333
25 20 0.154777
25 21 0.152304
25 22 0.149952
25 23 0.146456
25 24 0.144361
25 25 0.143483
25 26 0.141615
25 27 0.142923
25 28 0.142658
25 29 0.143412
25 30 0.142889
25 31 0.141309
25 32 0.142477
25 33 0.141619
25 34 0.142381
25 35 0.144494
25 36 0.145305
25 37 0.144806
25 38 0.145493
25 39 0.145084
25 40 0.144109
25 41 0.143602
25 42 0.143281
25 43 0.142654
25 44 0.141819
25 45 0.141204
25 46 0.140321
25 47 0.137229
25 48 0.136174
25 49 0.137116
25 50 0.136862
25 51 0.136972
25 52 0.136496
25 53 0.136307
25 54 0.135122
25 55 0.13352
25 56 0.132244
25 57 0.13261
25 58 0.133375
25 59 0.135579
25 60 0.138646
25 61 0.14039
25 62 0.142571
25 63 0.144457
25 64 0.145155
25 65 0.146167
25 66 0.148129
25 67 0.149184
25 68 0.148974
25 69 0.149421
25 70 0.149146
25 71 0.149064
25 72 0.149903
25 73 0.149866
25 74 0.150437
25 75 0.149292
25 76 0.147142
25 77 0.146694
25 78 0.145951
25 79 0.147078
25 80 0.147815
25 81 0.147541

26 0 0.172044
26 1 0.17343
26 2 0.173469
26 3 0.174316
26 4 0.17411
26 5 0.17252
26 6 0.172233
26 7 0.172065
26 8 0.17291
26 9 0.173673
26 10 0.172536
26 11 0.171862
26 12 0.170175
26 13 0.168643
26 14 0.167378
26 15 0.164047
26 16 0.161215
26 17 0.160428
26 18 0.159682
26 19 0.158904
26 20 0.157925
26 21 0.155383
26 22 0.151388
26 23 0.149367
26 24 0.147046
26 25 0.145656
26 26 0.144389
26 27 0.143023
26 28 0.142605
26 29 0.143244
26 30 0.145059
26 31 0.143763
26 32 0.144414
26 33 0.144507
26 34 0.145353
26 35 0.145902
26 36 0.146628
26 37 0.147193
26 38 0.14758
26 39 0.147698
26 40 0.145201
26 41 0.14525
26 42 0.145299
26 43 0.143266
26 44 0.14088
26 45 0.141228
26 46 0.139852
26 47 0.137679
26 48 0.136917
26 49 0.137464
26 50 0.138574
26 51 0.138136
26 52 0.137145
26 53 0.137919
26 54 0.137192
26 55 0.135768
26 56 0.134579
26 57 0.134642
26 58 0.135753
26 59 0.137282
26 60 0.139994
26 61 0.141761
26 62 0.143281
26 63 0.144937
26 64 0.146003
26 65 0.146642
26 66 0.149462
26 67 0.14951
26 68 0.150024
26 69 0.150079
26 70 0.150257
26 71 0.151307
26 72 0.150904
26 73 0.15065
26 74 0.151302
26 75 0.150086
26 76 0.147244
26 77 0.146497
26 78 0.146842
26 79 0.147971
26 80 0.147993
26 81 0.146954

27 0 0.171315
27 1 0.171663
27 2 0.174805
27 3 0.175118
27 4 0.175637
27 5 0.174314
27 6 0.173563
27 7 0.173824
27 8 0.174308
27 9 0.174651
27 10 0.174748
27 11 0.172825
27 12 0.171722
27 13 0.170517
27 14 0.169255
27 15 0.166314
27 16 0.164712
27 17 0.16291
27 18 0.163506
27 19 0.161862
27 20 0.158653
27 21 0.156422
27 22 0.154024
27 23 0.151422
27 24 0.148202
27 25 0.146882
27 26 0.145654
27 27 0.14531
27 28 0.143643
27 29 0.143755
27 30 0.145484
27 31 0.144122
27 32 0.146478
27 33 0.146666
27 34 0.147278
27 35 0.147928
27 36 0.148616
27 37 0.149393
27 38 0.149588
27 39 0.149523
27 40 0.147871
27 41 0.146705
27 42 0.147197
27 43 0.145029
27 44 0.142808
27 45 0.140908
27 46 0.140342
27 47 0.139003
27 48 0.13699
27 49 0.137595
27 50 0.139072
27 51 0.138847
27 52 0.137855
27 53 0.137011
27 54 0.137609
27 55 0.137116
27 56 0.135704
27 57 0.136312
27 58 0.136362
27 59 0.137106
27 60 0.140117
27 61 0.142198
27 62 0.143785
27 63 0.14577
27 64 0.146417
27 65 0.146634
27 66 0.148796
27 67 0.149181
27 68 0.149488
27 69 0.149264
27 70 0.150459
27 71 0.152502
27 72 0.152181
27 73 0.151404
27 74 0.151737
27 75 0.15029
27 76 0.14755
27 77 0.148022
27 78 0.14712
27 79 0.148323
27 80 0.148419
27 81 0.148075

28 0 0.16989
28 1 0.171383
28 2 0.173014
28 3 0.174525
28 4 0.174306
28 5 0.174587
28 6 0.175534
28 7 0.175575
28 8 0.175678
28 9 0.175198
28 10 0.174799
28 11 0.174056
28 12 0.173561
28 13 0.171812
28 14 0.170728
28 15 0.169191
28 16 0.166231
28 17 0.165792
28 18 0.165521
28 19 0.165104
28 20 0.163624
28 21 0.160765
28 22 0.156869
28 23 0.154141
28 24 0.150797
28 25 0.148418
28 26 0.147674
28 27 0.14589
28 28 0.145411
28 29 0.145417
28 30 0.145907
28 31 0.146245
28 32 0.146825
28 33 0.149334
28 34 0.149911
28 35 0.150847
28 36 0.151308
28 37 0.151514
28 38 0.151625
28 39 0.150421
28 40 0.150158
28 41 0.149407
28 42 0.148298
28 43 0.146413
28 44 0.145999
28 45 0.14131
28 46 0.140248
28 47 0.139861
28 48 0.139083
28 49 0.138344
28 50 0.139939
28 51 0.140262
28 52 0.139723
28 53 0.138394
28 54 0.139939
28 55 0.139139
28 56 0.137611
28 57 0.136241
28 58 0.135985
28 59 0.138211
28 60 0.141391
28 61 0.143227
28 62 0.144399
28 63 0.146486
28 64 0.147623
28 65 0.148374
28 66 0.149461
28 67 0.150105
28 68 0.151106
28 69 0.149839
28 70 0.150158
28 71 0.152752
28 72 0.152372
28 73 0.152528
28 74 0.152221
28 75 0.151667
28 76 0.149305
28 77 0.148693
28 78 0.148465
28 79 0.148549
28 80 0.149776
28 81 0.149609

29 0 0.167822
29 1 0.168958
29 2 0.170516
29 3 0.173258
29 4 0.173816
29 5 0.17555
29 6 0.176754
29 7 0.17558
29 8 0.175642
29 9 0.175077
29 10 0.174974
29 11 0.174777
29 12 0.174651
29 13 0.172741
29 14 0.171319
29 15 0.171003
29 16 0.168424
29 17 0.168562
29 18 0.168689
29 19 0.167804
29 20 0.166265
29 21 0.164046
29 22 0.160157
29 23 0.157473
29 24 0.155075
29 25 0.152412
29 26 0.151202
29 27 0.148393
29 28 0.146984
29 29 0.147096
29 30 0.148025
29 31 0.148294
29 32 0.149579
29 33 0.151073
29 34 0.152606
29 35 0.153655
29 36 0.153977
29 37 0.154465
29 38 0.153987
29 39 0.152217
29 40 0.152805
29 41 0.151062
29 42 0.150244
29 43 0.148614
29 44 0.145371
29 45 0.143189
29 46 0.14109
29 47 0.13945
29 48 0.138227
29 49 0.138093
29 50 0.139564
29 51 0.140743
29 52 0.141504
29 53 0.141359
29 54 0.13954
29 55 0.140557
29 56 0.13957
29 57 0.13835
29 58 0.137536
29 59 0.138817
29 60 0.141408
29 61 0.142417
29 62 0.144214
29 63 0.145978
29 64 0.14722
29 65 0.149798
29 66 0.151172
29 67 0.152685
29 68 0.150591
29 69 0.149937
29 70 0.151145
29 71 0.152107
29 72 0.152762
29 73 0.15189
29 74 0.152766
29 75 0.152544
29 76 0.150684
29 77 0.149573
29 78 0.150101
29 79 0.150632
29 80 0.150405
29 81 0.151493

30 0 0.165636
30 1 0.168089
30 2 0.169567
30 3 0.171039
30 4 0.172168
30 5 0.17396
30 6 0.17523
30 7 0.176911
30 8 0.1754
30 9 0.175333
30 10 0.174503
30 11 0.174291
30 12 0.174569
30 13 0.174175
30 14 0.17347
30 15 0.172673
30 16 0.171134
30 17 0.172423
30 18 0.171523
30 19 0.170462
30 20 0.168803
30 21 0.166191
30 22 0.163981
30 23 0.160947
30 24 0.157886
30 25 0.155167
30 26 0.151797
30 27 0.149913
30 28 0.149946
30 29 0.149215
30 30 0.150149
30 31 0.151271
30 32 0.151344
30 33 0.152257
30 34 0.154326
30 35 0.155459
30 36 0.156368
30 37 0.156798
30 38 0.157068
30 39 0.155153
30 40 0.155178
30 41 0.153987
30 42 0.15336
30 43 0.15104
30 44 0.147506
30 45 0.143998
30 46 0.141237
30 47 0.139925
30 48 0.139478
30 49 0.13864
30 50 0.139251
30 51 0.140578
30 52 0.142257
30 53 0.142099
30 54 0.140438
30 55 0.140145
30 56 0.140414
30 57 0.140239
30 58 0.13891
30 59 0.139977
30 60 0.142116
30 61 0.142655
30 62 0.14557
30 63 0.147583
30 64 0.148486
30 65 0.150633
30 66 0.151871
30 67 0.152672
30 68 0.152413
30 69 0.151141
30 70 0.152702
30 71 0.15212
30 72 0.153536
30 73 0.152765
30 74 0.153554
30 75 0.153078
30 76 0.153002
30 77 0.150721
30 78 0.150352
30 79 0.150403
30 80 0.151274
30 81 0.15304

31 0 0.163327
31 1 0.166447
31 2 0.168053
31 3 0.169821
31 4 0.170921
31 5 0.172895
31 6 0.174216
31 7 0.176195
31 8 0.174483
31 9 0.174235
31 10 0.175359
31 11 0.175313
31 12 0.175701
31 13 0.175565
31 14 0.175654
31 15 0.175469
31 16 0.173779
31 17 0.174477
31 18 0.172953
31 19 0.172575
31 20 0.169877
31 21 0.169082
31 22 0.166577
31 23 0.16392
31 24 0.160476
31 25 0.157912
31 26 0.155223
31 27 0.153078
31 28 0.152526
31 29 0.152361
31 30 0.15203
31 31 0.152904
31 32 0.154131
31 33 0.154153
31 34 0.15654
31 35 0.156402
31 36 0.157693
31 37 0.157921
31 38 0.158902
31 39 0.158515
31 40 0.158208
31 41 0.157949
31 42 0.156268
31 43 0.153219
31 44 0.150346
31 45 0.145631
31 46 0.142813
31 47 0.140466
31 48 0.138358
31 49 0.137438
31 50 0.138262
31 51 0.141521
31 52 0.142464
31 53 0.143036
31 54 0.140908
31 55 0.140258
31 56 0.140507
31 57 0.140739
31 58 0.14038
31 59 0.14126
31 60 0.140791
31 61 0.142165
31 62 0.145212
31 63 0.145399
31 64 0.147028
31 65 0.14922
31 66 0.151649
31 67 0.15474
31 68 0.152308
31 69 0.153207
31 70 0.153882
31 71 0.154137
31 72 0.154248
31 73 0.154189
31 74 0.155193
31 75 0.15392
31 76 0.154299
31 77 0.153114
31 78 0.152041
31 79 0.152685
31 80 0.152368
31 81 0.154881

32 0 0.161449
32 1 0.163107
32 2 0.165527
32 3 0.168229
32 4 0.169238
32 5 0.172011
32 6 0.173341
32 7 0.175526
32 8 0.175774
32 9 0.174211
32 10 0.174397
32 11 0.173949
32 12 0.173714
32 13 0.175071
32 14 0.176478
32 15 0.176338
32 16 0.175037
32 17 0.174575
32 18 0.17414
32 19 0.174345
32 20 0.172941
32 21 0.171319
32 22 0.17032
32 23 0.165899
32 24 0.163776
32 25 0.16099
32 26 0.158715
32 27 0.155914
32 28 0.155245
32 29 0.1545
32 30 0.153846
32 31 0.153691
32 32 0.155303
32 33 0.157389
32 34 0.157115
32 35 0.159721
32 36 0.159973
32 37 0.160159
32 38 0.161092
32 39 0.161287
32 40 0.160909
32 41 0.160685
32 42 0.159782
32 43 0.157338
32 44 0.153287
32 45 0.149232
32 46 0.143876
32 47 0.142424
32 48 0.139624
32 49 0.138309
32 50 0.137912
32 51 0.140401
32 52 0.142878
32 53 0.143327
32 54 0.141913
32 55 0.141478
32 56 0.141095
32 57 0.141198
32 58 0.141472
32 59 0.14156
32 60 0.142454
32 61 0.142999
32 62 0.143748
32 63 0.146125
32 64 0.145336
32 65 0.147628
32 66 0.149906
32 67 0.152227
32 68 0.152885
32 69 0.154293
32 70 0.154385
32 71 0.155218
32 72 0.155888
32 73 0.156072
32 74 0.157178
32 75 0.156123
32 76 0.154711
32 77 0.154934
32 78 0.153508
32 79 0.15417
32 80 0.152926
32 81 0.154463

33 0 0.15905
33 1 0.161317
33 2 0.163962
33 3 0.165469
33 4 0.166602
33 5 0.170036
33 6 0.172631
33 7 0.173647
33 8 0.175898
33 9 0.175713
33 10 0.175294
33 11 0.175033
33 12 0.174772
33 13 0.175933
33 14 0.176206
33 15 0.177264
33 16 0.176548
33 17 0.17711
33 18 0.177221
33 19 0.17703
33 20 0.17401
33 21 0.172205
33 22 0.172053
33 23 0.169741
33 24 0.166596
33 25 0.164762
33 26 0.161057
33 27 0.15885
33 28 0.158686
33 29 0.158164
33 30 0.156278
33 31 0.156641
33 32 0.155767
33 33 0.157286
33 34 0.158622
33 35 0.160396
33 36 0.161731
33 37 0.162465
33 38 0.162966
33 39 0.164745
33 40 0.16533
33 41 0.16421
33 42 0.163348
33 43 0.160716
33 44 0.154643
33 45 0.151445
33 46 0.145895
33 47 0.143711
33 48 0.141194
33 49 0.139488
33 50 0.138651
33 51 0.139921
33 52 0.143507
33 53 0.144307
33 54 0.143902
33 55 0.141632
33 56 0.14028
33 57 0.140284
33 58 0.140139
33 59 0.140693
33 60 0.142182
33 61 0.141999
33 62 0.14334
33 63 0.144523
33 64 0.145896
33 65 0.146338
33 66 0.149491
33 67 0.152756
33 68 0.153132
33 69 0.154099
33 70 0.154946
33 71 0.156179
33 72 0.15657
33 73 0.156872
33 74 0.156736
33 75 0.155982
33 76 0.156253
33 77 0.155323
33 78 0.155289
33 79 0.153695
33 80 0.154671
33 81 0.155133

34 0 0.158083
34 1 0.160577
34 2 0.162162
34 3 0.165287
34 4 0.166138
34 5 0.168364
34 6 0.169045
34 7 0.172927
34 8 0.175544
34 9 0.17555
34 10 0.175972
34 11 0.174595
34 12 0.17565
34 13 0.175003
34 14 0.176177
34 15 0.175578
34 16 0.175597
34 17 0.176522
34 18 0.177877
34 19 0.178462
34 20 0.175571
34 21 0.17467
34 22 0.173747
34 23 0.172248
34 24 0.169688
34 25 0.167581
34 26 0.164127
34 27 0.162346
34 28 0.162027
34 29 0.161016
34 30 0.159094
34 31 0.158304
34 32 0.157982
34 33 0.160114
34 34 0.162618
34 35 0.163601
34 36 0.164641
34 37 0.165078
34 38 0.165372
34 39 0.166202
34 40 0.166997
34 41 0.167498
34 42 0.166321
34 43 0.163384
34 44 0.158467
34 45 0.154665
34 46 0.146685
34 47 0.144341
34 48 0.143304
34 49 0.140068
34 50 0.138728
34 51 0.139753
34 52 0.141921
34 53 0.143321
34 54 0.141953
34 55 0.142665
34 56 0.140405
34 57 0.139937
34 58 0.139966
34 59 0.140251
34 60 0.140985
34 61 0.142919
34 62 0.142758
34 63 0.144208
34 64 0.146222
34 65 0.145595
34 66 0.148592
34 67 0.151586
34 68 0.151742
34 69 0.153826
34 70 0.155206
34 71 0.156706
34 72 0.155747
34 73 0.156349
34 74 0.157752
34 75 0.155512
34 76 0.155981
34 77 0.155384
34 78 0.155199
34 79 0.155128
34 80 0.155538
34 81 0.155563

35 0 0.157191
35 1 0.159463
35 2 0.160473
35 3 0.1646
35 4 0.166249
35 5 0.16774
35 6 0.169064
35 7 0.172052
35 8 0.173562
35 9 0.17464
35 10 0.176544
35 11 0.175961
35 12 0.175478
35 13 0.17424
35 14 0.174332
35 15 0.175201
35 16 0.175466
35 17 0.176007
35 18 0.177549
35 19 0.177444
35 20 0.177276
35 21 0.176935
35 22 0.177088
35 23 0.174113
35 24 0.171706
35 25 0.169774
35 26 0.167694
35 27 0.166907
35 28 0.165269
35 29 0.164755
35 30 0.164089
35 31 0.162297
35 32 0.162283
35 33 0.162812
35 34 0.165355
35 35 0.166592
35 36 0.167621
35 37 0.168045
35 38 0.168153
35 39 0.167773
35 40 0.169006
35 41 0.169416
35 42 0.167671
35 43 0.164272
35 44 0.160619
35 45 0.156405
35 46 0.149515
35 47 0.145528
35 48 0.142535
35 49 0.140245
35 50 0.138948
35 51 0.139989
35 52 0.142186
35 53 0.143417
35 54 0.141776
35 55 0.141647
35 56 0.141324
35 57 0.139823
35 58 0.139272
35 59 0.139912
35 60 0.140277
35 61 0.141497
35 62 0.143369
35 63 0.144054
35 64 0.144913
35 65 0.145619
35 66 0.147982
35 67 0.150345
35 68 0.149723
35 69 0.152354
35 70 0.154789
35 71 0.15591
35 72 0.155315
35 73 0.155054
35 74 0.155746
35 75 0.154017
35 76 0.155628
35 77 0.154685
35 78 0.154362
35 79 0.15407
35 80 0.155415
35 81 0.157825

36 0 0.154711
36 1 0.157949
36 2 0.160074
36 3 0.16253
36 4 0.165486
36 5 0.167303
36 6 0.16755
36 7 0.169709
36 8 0.172911
36 9 0.174031
36 10 0.175697
36 11 0.174933
36 12 0.175079
36 13 0.173581
36 14 0.174686
36 15 0.176065
36 16 0.176717
36 17 0.177023
36 18 0.177837
36 19 0.17749
36 20 0.177227
36 21 0.176797
36 22 0.176004
36 23 0.174676
36 24 0.17443
36 25 0.172059
36 26 0.171134
36 27 0.169783
36 28 0.169837
36 29 0.168089
36 30 0.167422
36 31 0.166224
36 32 0.166116
36 33 0.166726
36 34 0.16741
36 35 0.169442
36 36 0.16948
36 37 0.169755
36 38 0.169649
36 39 0.168742
36 40 0.169551
36 41 0.169152
36 42 0.169187
36 43 0.166974
36 44 0.162223
36 45 0.157416
36 46 0.151337
36 47 0.147096
36 48 0.143345
36 49 0.140047
36 50 0.139319
36 51 0.13903
36 52 0.142283
36 53 0.143756
36 54 0.142466
36 55 0.140274
36 56 0.13984
36 57 0.138235
36 58 0.138387
36 59 0.139306
36 60 0.140961
36 61 0.141413
36 62 0.143127
36 63 0.143888
36 64 0.144418
36 65 0.145971
36 66 0.146695
36 67 0.147989
36 68 0.148836
36 69 0.150775
36 70 0.152784
36 71 0.15454
36 72 0.154511
36 73 0.154708
36 74 0.153804
36 75 0.15407
36 76 0.154201
36 77 0.154623
36 78 0.154698
36 79 0.1553
36 80 0.155439
36 81 0.157039

37 0 0.153764
37 1 0.156503
37 2 0.159144
37 3 0.161255
37 4 0.164324
37 5 0.164978
37 6 0.166368
37 7 0.16835
37 8 0.170586
37 9 0.17101
37 10 0.174172
37 11 0.17454
37 12 0.173505
37 13 0.173545
37 14 0.173896
37 15 0.174337
37 16 0.174487
37 17 0.175103
37 18 0.175791
37 19 0.178579
37 20 0.177695
37 21 0.17736
37 22 0.177838
37 23 0.176321
37 24 0.174954
37 25 0.173985
37 26 0.173067
37 27 0.171554
37 28 0.170547
37 29 0.170684
37 30 0.169933
37 31 0.169089
37 32 0.169944
37 33 0.170278
37 34 0.170674
37 35 0.171419
37 36 0.171492
37 37 0.172834
37 38 0.170802
37 39 0.171469
37 40 0.171204
37 41 0.171027
37 42 0.170565
37 43 0.166317
37 44 0.163775
37 45 0.158754
37 46 0.152075
37 47 0.147296
37 48 0.145683
37 49 0.142139
37 50 0.139905
37 51 0.140086
37 52 0.141415
37 53 0.141974
37 54 0.141964
37 55 0.139491
37 56 0.139635
37 57 0.138903
37 58 0.13854
37 59 0.139148
37 60 0.141306
37 61 0.141692
37 62 0.142585
37 63 0.144018
37 64 0.144907
37 65 0.145226
37 66 0.147481
37 67 0.14701
37 68 0.148129
37 69 0.149528
37 70 0.151251
37 71 0.15316
37 72 0.15392
37 73 0.155037
37 74 0.154632
37 75 0.154073
37 76 0.154095
37 77 0.154446
37 78 0.155745
37 79 0.156159
37 80 0.156281
37 81 0.158086

38 0 0.151594
38 1 0.154613
38 2 0.156461
38 3 0.159308
38 4 0.160741
38 5 0.164004
38 6 0.16532
38 7 0.167661
38 8 0.168632
38 9 0.169351
38 10 0.171353
38 11 0.173344
38 12 0.172292
38 13 0.17216
38 14 0.172416
38 15 0.173315
38 16 0.173276
38 17 0.173948
38 18 0.175035
38 19 0.177169
38 20 0.179006
38 21 0.177385
38 22 0.177986
38 23 0.176839
38 24 0.175949
38 25 0.174651
38 26 0.174721
38 27 0.173284
38 28 0.172938
38 29 0.172573
38 30 0.17243
38 31 0.171292
38 32 0.173111
38 33 0.174032
38 34 0.173669
38 35 0.17443
38 36 0.173876
38 37 0.174562
38 38 0.174584
38 39 0.173871
38 40 0.17207
38 41 0.172214
38 42 0.171425
38 43 0.167986
38 44 0.165116
38 45 0.159971
38 46 0.153286
38 47 0.148972
38 48 0.147099
38 49 0.143747
38 50 0.140942
38 51 0.140793
38 52 0.142082
38 53 0.142489
38 54 0.142257
38 55 0.139986
38 56 0.140022
38 57 0.139197
38 58 0.139673
38 59 0.140096
38 60 0.14194
38 61 0.143025
38 62 0.142836
38 63 0.144596
38 64 0.144701
38 65 0.145458
38 66 0.146441
38 67 0.146494
38 68 0.146151
38 69 0.147153
38 70 0.150076
38 71 0.151929
38 72 0.153683
38 73 0.154083
38 74 0.154338
38 75 0.153657
38 76 0.154704
38 77 0.153558
38 78 0.154503
38 79 0.155644
38 80 0.155893
38 81 0.157199

39 0 0.149203
39 1 0.151419
39 2 0.154248
39 3 0.158038
39 4 0.158841
39 5 0.161118
39 6 0.163734
39 7 0.164356
39 8 0.166292
39 9 0.168202
39 10 0.170136
39 11 0.170743
39 12 0.171819
39 13 0.17223
39 14 0.173132
39 15 0.173048
39 16 0.173519
39 17 0.174782
39 18 0.175808
39 19 0.176475
39 20 0.17839
39 21 0.179188
39 22 0.17839
39 23 0.178751
39 24 0.178583
39 25 0.177543
39 26 0.175763
39 27 0.176229
39 28 0.1757
39 29 0.175418
39 30 0.17449
39 31 0.173733
39 32 0.175719
39 33 0.177559
39 34 0.177046
39 35 0.177139
39 36 0.177725
39 37 0.177662
39 38 0.178366
39 39 0.174873
39 40 0.175043
39 41 0.172885
39 42 0.172151
39 43 0.170016
39 44 0.165245
39 45 0.159969
39 46 0.15555
39 47 0.152634
39 48 0.150433
39 49 0.146844
39 50 0.143577
39 51 0.141711
39 52 0.143226
39 53 0.142666
39 54 0.141911
39 55 0.141988
39 56 0.140778
39 57 0.141002
39 58 0.1415
39 59 0.142009
39 60 0.143506
39 61 0.144278
39 62 0.145327
39 63 0.144858
39 64 0.14513
39 65 0.145598
39 66 0.145605
39 67 0.145767
39 68 0.146065
39 69 0.146486
39 70 0.148708
39 71 0.151034
39 72 0.153871
39 73 0.154565
39 74 0.154267
39 75 0.152716
39 76 0.153156
39 77 0.152717
39 78 0.15289
39 79 0.155371
39 80 0.156019
39 81 0.156886

40 0 0.147159
40 1 0.14901
40 2 0.15308
40 3 0.156014
40 4 0.15665
40 5 0.157799
40 6 0.160261
40 7 0.161378
40 8 0.164127
40 9 0.165998
40 10 0.167959
40 11 0.169842
40 12 0.17086
40 13 0.171529
40 14 0.173319
40 15 0.172813
40 16 0.172745
40 17 0.17529
40 18 0.176135
40 19 0.176473
40 20 0.177715
40 21 0.177995
40 22 0.177328
40 23 0.17919
40 24 0.178529
40 25 0.177814
40 26 0.177854
40 27 0.178836
40 28 0.178956
40 29 0.178722
40 30 0.177981
40 31 0.177025
40 32 0.17854
40 33 0.181021
40 34 0.180796
40 35 0.180623
40 36 0.180682
40 37 0.179987
40 38 0.181151
40 39 0.179635
40 40 0.178149
40 41 0.175305
40 42 0.173691
40 43 0.17137
40 44 0.167712
40 45 0.162501
40 46 0.158045
40 47 0.154621
40 48 0.15317
40 49 0.148539
40 50 0.146687
40 51 0.144665
40 52 0.144395
40 53 0.142948
40 54 0.142835
40 55 0.143431
40 56 0.142893
40 57 0.142207
40 58 0.142312
40 59 0.142919
40 60 0.142938
40 61 0.144974
40 62 0.145752
40 63 0.144988
40 64 0.144834
40 65 0.145036
40 66 0.146195
40 67 0.145421
40 68 0.146324
40 69 0.146622
40 70 0.148139
40 71 0.150578
40 72 0.152027
40 73 0.154483
40 74 0.154779
40 75 0.152987
40 76 0.152238
40 77 0.152971
40 78 0.152413
40 79 0.153373
40 80 0.15414
40 81 0.155737

41 0 0.145409
41 1 0.147122
41 2 0.150378
41 3 0.153496
41 4 0.155602
41 5 0.156699
41 6 0.158725
41 7 0.160303
41 8 0.162138
41 9 0.16284
41 10 0.166553
41 11 0.16859
41 12 0.169551
41 13 0.171331
41 14 0.1717
41 15 0.172769
41 16 0.173288
41 17 0.172867
41 18 0.176124
41 19 0.17703
41 20 0.177094
41 21 0.177731
41 22 0.179674
41 23 0.178844
41 24 0.179763
41 25 0.179934
41 26 0.180593
41 27 0.180387
41 28 0.182282
41 29 0.182364
41 30 0.18165
41 31 0.180989
41 32 0.181488
41 33 0.182984
41 34 0.183549
41 35 0.184027
41 36 0.185164
41 37 0.184914
41 38 0.183769
41 39 0.182801
41 40 0.181437
41 41 0.178565
41 42 0.177563
41 43 0.174179
41 44 0.169239
41 45 0.165079
41 46 0.159892
41 47 0.156351
41 48 0.154078
41 49 0.150531
41 50 0.148655
41 51 0.147167
41 52 0.146191
41 53 0.145361
41 54 0.144998
41 55 0.143718
41 56 0.144237
41 57 0.143115
41 58 0.144302
41 59 0.144053
41 60 0.144548
41 61 0.145026
41 62 0.145909
41 63 0.147573
41 64 0.148839
41 65 0.147824
41 66 0.146669
41 67 0.146809
41 68 0.146926
41 69 0.148066
41 70 0.149033
41 71 0.149873
41 72 0.151441
41 73 0.153737
41 74 0.152941
41 75 0.152085
41 76 0.152182
41 77 0.152364
41 78 0.152408
41 79 0.1534
41 80 0.15331
41 81 0.155399

42 0 0.145299
42 1 0.146619
42 2 0.148733
42 3 0.151829
42 4 0.153867
42 5 0.155362
42 6 0.157287
42 7 0.159025
42 8 0.160613
42 9 0.16183
42 10 0.164706
42 11 0.166524
42 12 0.167253
42 13 0.170275
42 14 0.171404
42 15 0.171629
42 16 0.172555
42 17 0.173716
42 18 0.174602
42 19 0.176111
42 20 0.176893
42 21 0.177723
42 22 0.178312
42 23 0.178906
42 24 0.180529
42 25 0.181499
42 26 0.18348
42 27 0.183033
42 28 0.184855
42 29 0.184815
42 30 0.184506
42 31 0.183709
42 32 0.1845
42 33 0.186407
42 34 0.186802
42 35 0.187101
42 36 0.188061
42 37 0.187557
42 38 0.187724
42 39 0.18593
42 40 0.184885
42 41 0.183214
42 42 0.181906
42 43 0.177578
42 44 0.171949
42 45 0.168173
42 46 0.164486
42 47 0.159122
42 48 0.155965
42 49 0.152046
42 50 0.151435
42 51 0.149065
42 52 0.148576
42 53 0.147732
42 54 0.146857
42 55 0.146466
42 56 0.145266
42 57 0.14504
42 58 0.145172
42 59 0.145717
42 60 0.14693
42 61 0.147088
42 62 0.147931
42 63 0.149791
42 64 0.149935
42 65 0.150104
42 66 0.148364
42 67 0.147159
42 68 0.147599
42 69 0.1476
42 70 0.149591
42 71 0.151385
42 72 0.153253
42 73 0.153256
42 74 0.153352
42 75 0.152116
42 76 0.151236
42 77 0.152049
42 78 0.151706
42 79 0.152002
42 80 0.152719
42 81 0.152985

43 0 0.146013
43 1 0.147072
43 2 0.14829
43 3 0.149866
43 4 0.152472
43 5 0.153928
43 6 0.15654
43 7 0.157728
43 8 0.160241
43 9 0.160667
43 10 0.162971
43 11 0.16507
43 12 0.166637
43 13 0.168517
43 14 0.170992
43 15 0.171663
43 16 0.17295
43 17 0.173245
43 18 0.174308
43 19 0.174978
43 20 0.176671
43 21 0.178401
43 22 0.179014
43 23 0.180232
43 24 0.182301
43 25 0.183441
43 26 0.185352
43 27 0.186135
43 28 0.185978
43 29 0.187736
43 30 0.18716
43 31 0.18705
43 32 0.187338
43 33 0.190436
43 34 0.19048
43 35 0.191898
43 36 0.19207
43 37 0.191117
43 38 0.191565
43 39 0.189618
43 40 0.188218
43 41 0.186983
43 42 0.186137
43 43 0.182385
43 44 0.176763
43 45 0.171531
43 46 0.167769
43 47 0.163373
43 48 0.159327
43 49 0.156003
43 50 0.153986
43 51 0.151362
43 52 0.150262
43 53 0.149662
43 54 0.148754
43 55 0.148862
43 56 0.147293
43 57 0.147392
43 58 0.146895
43 59 0.147548
43 60 0.147963
43 61 0.149101
43 62 0.149769
43 63 0.150393
43 64 0.152323
43 65 0.152293
43 66 0.151364
43 67 0.149428
43 68 0.147883
43 69 0.149612
43 70 0.15221
43 71 0.15336
43 72 0.154996
43 73 0.15429
43 74 0.154025
43 75 0.152681
43 76 0.151834
43 77 0.153287
43 78 0.151365
43 79 0.152064
43 80 0.151745
43 81 0.152768

44 0 0.145387
44 1 0.146412
44 2 0.147931
44 3 0.149252
44 4 0.151231
44 5 0.152879
44 6 0.153909
44 7 0.156697
44 8 0.158989
44 9 0.160271
44 10 0.161884
44 11 0.164802
44 12 0.166743
44 13 0.167856
44 14 0.169036
44 15 0.171166
44 16 0.172717
44 17 0.174244
44 18 0.175846
44 19 0.174797
44 20 0.176419
44 21 0.178575
44 22 0.179941
44 23 0.180769
44 24 0.181776
44 25 0.185357
44 26 0.186552
44 27 0.187388
44 28 0.188685
44 29 0.190035
44 30 0.191255
44 31 0.189175
44 32 0.190264
44 33 0.192881
44 34 0.194215
44 35 0.196259
44 36 0.196761
44 37 0.195143
44 38 0.194259
44 39 0.192888
44 40 0.192219
44 41 0.190797
44 42 0.19102
44 43 0.186743
44 44 0.180623
44 45 0.175787
44 46 0.171308
44 47 0.166187
44 48 0.163972
44 49 0.160959
44 50 0.156264
44 51 0.153709
44 52 0.151853
44 53 0.151076
44 54 0.149278
44 55 0.149293
44 56 0.149311
44 57 0.149764
44 58 0.149351
44 59 0.149806
44 60 0.151071
44 61 0.151909
44 62 0.150124
44 63 0.15176
44 64 0.153155
44 65 0.153334
44 66 0.152173
44 67 0.151489
44 68 0.151771
44 69 0.151473
44 70 0.15258
44 71 0.154168
44 72 0.154748
44 73 0.154736
44 74 0.155111
44 75 0.155043
44 76 0.154381
44 77 0.154401
44 78 0.151771
44 79 0.151327
44 80 0.152068
44 81 0.151973

45 0 0.145634
45 1 0.146189
45 2 0.147713
45 3 0.148493
45 4 0.149269
45 5 0.151562
45 6 0.152779
45 7 0.156024
45 8 0.157851
45 9 0.160241
45 10 0.161982
45 11 0.162763
45 12 0.165803
45 13 0.167264
45 14 0.168447
45 15 0.170916
45 16 0.172067
45 17 0.174135
45 18 0.175738
45 19 0.176042
45 20 0.178418
45 21 0.178834
45 22 0.180016
45 23 0.18046
45 24 0.18201
45 25 0.185243
45 26 0.188434
45 27 0.190255
45 28 0.190417
45 29 0.19135
45 30 0.193299
45 31 0.193951
45 32 0.194295
45 33 0.194625
45 34 0.19714
45 35 0.199494
45 36 0.201222
45 37 0.200659
45 38 0.200255
45 39 0.197887
45 40 0.196417
45 41 0.19625
45 42 0.195594
45 43 0.192403
45 44 0.185128
45 45 0.180227
45 46 0.176227
45 47 0.171722
45 48 0.168449
45 49 0.163463
45 50 0.160556
45 51 0.156706
45 52 0.15404
45 53 0.151076
45 54 0.151542
45 55 0.151437
45 56 0.150489
45 57 0.150904
45 58 0.151882
45 59 0.152311
45 60 0.152485
45 61 0.153103
45 62 0.152834
45 63 0.154251
45 64 0.153965
45 65 0.15401
45 66 0.154096
45 67 0.153366
45 68 0.153131
45 69 0.15232
45 70 0.153585
45 71 0.154559
45 72 0.155202
45 73 0.155604
45 74 0.154949
45 75 0.154299
45 76 0.155782
45 77 0.156977
45 78 0.155288
45 79 0.152621
45 80 0.150597
45 81 0.151756

46 0 0.145508
46 1 0.145234
46 2 0.145499
46 3 0.14633
46 4 0.148695
46 5 0.149803
46 6 0.150683
46 7 0.153082
46 8 0.156321
46 9 0.15861
46 10 0.159749
46 11 0.161829
46 12 0.165204
46 13 0.166121
46 14 0.167345
46 15 0.169205
46 16 0.171194
46 17 0.174805
46 18 0.174784
46 19 0.175614
46 20 0.178111
46 21 0.179053
46 22 0.180614
46 23 0.180552
46 24 0.181609
46 25 0.184703
46 26 0.190067
46 27 0.190641
46 28 0.191719
46 29 0.194088
46 30 0.195857
46 31 0.197292
46 32 0.198254
46 33 0.199547
46 34 0.20116
46 35 0.202532
46 36 0.203944
46 37 0.204954
46 38 0.204234
46 39 0.203925
46 40 0.201557
46 41 0.198478
46 42 0.199108
46 43 0.19631
46 44 0.190634
46 45 0.183772
46 46 0.179561
46 47 0.174837
46 48 0.171236
46 49 0.166643
46 50 0.162721
46 51 0.158294
46 52 0.157752
46 53 0.154487
46 54 0.153809
46 55 0.153651
46 56 0.152088
46 57 0.153031
46 58 0.153213
46 59 0.154174
46 60 0.154683
46 61 0.15421
46 62 0.154065
46 63 0.154618
46 64 0.155708
46 65 0.155683
46 66 0.154398
46 67 0.155168
46 68 0.153951
46 69 0.154306
46 70 0.154863
46 71 0.156002
46 72 0.156765
46 73 0.158237
46 74 0.156682
46 75 0.156089
46 76 0.155986
46 77 0.156745
46 78 0.155542
46 79 0.154622
46 80 0.152742
46 81 0.152351

47 0 0.145338
47 1 0.145702
47 2 0.145947
47 3 0.14738
47 4 0.148634
47 5 0.149965
47 6 0.150297
47 7 0.151226
47 8 0.154171
47 9 0.156806
47 10 0.159483
47 11 0.161472
47 12 0.163353
47 13 0.165678
47 14 0.167617
47 15 0.16813
47 16 0.169785
47 17 0.172449
47 18 0.173713
47 19 0.174674
47 20 0.176539
47 21 0.178795
47 22 0.180789
47 23 0.182031
47 24 0.182862
47 25 0.185599
47 26 0.188249
47 27 0.191897
47 28 0.194532
47 29 0.195476
47 30 0.197992
47 31 0.199426
47 32 0.202917
47 33 0.203875
47 34 0.205434
47 35 0.206179
47 36 0.207489
47 37 0.207873
47 38 0.208876
47 39 0.209046
47 40 0.20558
47 41 0.202854
47 42 0.201643
47 43 0.198087
47 44 0.192725
47 45 0.187234
47 46 0.181881
47 47 0.176843
47 48 0.172961
47 49 0.169326
47 50 0.165627
47 51 0.162385
47 52 0.160679
47 53 0.157784
47 54 0.15618
47 55 0.155722
47 56 0.154468
47 57 0.154142
47 58 0.156185
47 59 0.15558
47 60 0.156273
47 61 0.153797
47 62 0.155899
47 63 0.157015
47 64 0.156909
47 65 0.15707
47 66 0.156306
47 67 0.156467
47 68 0.155429
47 69 0.155126
47 70 0.156243
47 71 0.156439
47 72 0.157776
47 73 0.158621
47 74 0.159282
47 75 0.157712
47 76 0.156719
47 77 0.157428
47 78 0.155915
47 79 0.155152
47 80 0.153939
47 81 0.153356

48 0 0.144861
48 1 0.144684
48 2 0.145283
48 3 0.145994
48 4 0.147818
48 5 0.148768
48 6 0.149402
48 7 0.15219
48 8 0.153137
48 9 0.155594
48 10 0.158515
48 11 0.160968
48 12 0.162053
48 13 0.164821
48 14 0.16707
48 15 0.169256
48 16 0.170103
48 17 0.171319
48 18 0.172193
48 19 0.173734
48 20 0.175747
48 21 0.178121
48 22 0.179639
48 23 0.181149
48 24 0.183461
48 25 0.185427
48 26 0.187681
48 27 0.192133
48 28 0.194705
48 29 0.196955
48 30 0.197938
48 31 0.201324
48 32 0.204444
48 33 0.205746
48 34 0.208564
48 35 0.210885
48 36 0.213093
48 37 0.215109
48 38 0.215071
48 39 0.215112
48 40 0.211268
48 41 0.207687
48 42 0.205654
48 43 0.202466
48 44 0.195208
48 45 0.189739
48 46 0.184344
48 47 0.179773
48 48 0.176444
48 49 0.171843
48 50 0.168387
48 51 0.165308
48 52 0.164227
48 53 0.162476
48 54 0.160851
48 55 0.158675
48 56 0.156602
48 57 0.15618
48 58 0.156807
48 59 0.157442
48 60 0.156548
48 61 0.156564
48 62 0.155032
48 63 0.157775
48 64 0.158388
48 65 0.159344
48 66 0.158248
48 67 0.158008
48 68 0.157229
48 69 0.156872
48 70 0.15693
48 71 0.156236
48 72 0.157442
48 73 0.158218
48 74 0.158772
48 75 0.158796
48 76 0.157975
48 77 0.157745
48 78 0.156963
48 79 0.156513
48 80 0.153663
48 81 0.153555

49 0 0.143623
49 1 0.143688
49 2 0.144284
49 3 0.146448
49 4 0.147039
49 5 0.148631
49 6 0.149594
49 7 0.151562
49 8 0.152776
49 9 0.15471
49 10 0.157156
49 11 0.158314
49 12 0.160053
49 13 0.162583
49 14 0.165986
49 15 0.167562
49 16 0.169214
49 17 0.170672
49 18 0.172298
49 19 0.172668
49 20 0.174412
49 21 0.17715
49 22 0.179139
49 23 0.180504
49 24 0.18255
49 25 0.184656
49 26 0.187274
49 27 0.191166
49 28 0.193741
49 29 0.196314
49 30 0.199239
49 31 0.200662
49 32 0.203523
49 33 0.207111
49 34 0.210665
49 35 0.213718
49 36 0.21661
49 37 0.218305
49 38 0.220611
49 39 0.221058
49 40 0.216138
49 41 0.21244
49 42 0.20874
49 43 0.20506
49 44 0.198038
49 45 0.191611
49 46 0.187722
49 47 0.182593
49 48 0.178628
49 49 0.174915
49 50 0.170828
49 51 0.168399
49 52 0.166942
49 53 0.166508
49 54 0.162941
49 55 0.162603
49 56 0.160129
49 57 0.159238
49 58 0.158886
49 59 0.158151
49 60 0.15872
49 61 0.158592
49 62 0.158641
49 63 0.160069
49 64 0.160273
49 65 0.160786
49 66 0.158896
49 67 0.160128
49 68 0.159939
49 69 0.158122
49 70 0.157771
49 71 0.157729
49 72 0.159242
49 73 0.159852
49 74 0.160018
49 75 0.160614
49 76 0.159316
49 77 0.159541
49 78 0.158555
49 79 0.157376
49 80 0.15576
49 81 0.154203

50 0 0.144162
50 1 0.144345
50 2 0.144839
50 3 0.146054
50 4 0.14805
50 5 0.14907
50 6 0.150658
50 7 0.151022
50 8 0.153436
50 9 0.153272
50 10 0.155457
50 11 0.158998
50 12 0.160675
50 13 0.162678
50 14 0.163754
50 15 0.166552
50 16 0.168201
50 17 0.169569
50 18 0.172091
50 19 0.173815
50 20 0.174961
50 21 0.176708
50 22 0.178511
50 23 0.18074
50 24 0.181915
50 25 0.184489
50 26 0.187897
50 27 0.190936
50 28 0.193465
50 29 0.196623
50 30 0.197388
50 31 0.200413
50 32 0.202969
50 33 0.206925
50 34 0.211766
50 35 0.215835
50 36 0.219756
50 37 0.222003
50 38 0.223799
50 39 0.224429
50 40 0.222454
50 41 0.217319
50 42 0.213576
50 43 0.210298
50 44 0.201808
50 45 0.195285
50 46 0.191027
50 47 0.185924
50 48 0.181602
50 49 0.177487
50 50 0.174475
50 51 0.172723
50 52 0.171337
50 53 0.169395
50 54 0.167109
50 55 0.165986
50 56 0.163422
50 57 0.163511
50 58 0.162609
50 59 0.160965
50 60 0.162203
50 61 0.161749
50 62 0.161167
50 63 0.161734
50 64 0.162734
50 65 0.162775
50 66 0.160302
50 67 0.161505
50 68 0.161865
50 69 0.159725
50 70 0.159765
50 71 0.15958
50 72 0.159889
50 73 0.160941
50 74 0.16247
50 75 0.162207
50 76 0.161964
50 77 0.161167
50 78 0.159663
50 79 0.159127
50 80 0.15658
50 81 0.155676

51 0 0.142717
51 1 0.143305
51 2 0.143359
51 3 0.144919
51 4 0.146813
51 5 0.148972
51 6 0.149084
51 7 0.150695
51 8 0.150975
51 9 0.152896
51 10 0.155552
51 11 0.157164
51 12 0.159096
51 13 0.160291
51 14 0.163069
51 15 0.164326
51 16 0.167608
51 17 0.169835
51 18 0.170845
51 19 0.173026
51 20 0.174752
51 21 0.175387
51 22 0.177142
51 23 0.179397
51 24 0.181213
51 25 0.183554
51 26 0.187522
51 27 0.191354
51 28 0.194095
51 29 0.197389
51 30 0.198883
51 31 0.20089
51 32 0.203621
51 33 0.208344
51 34 0.211771
51 35 0.216959
51 36 0.221342
51 37 0.223345
51 38 0.225456
51 39 0.227251
51 40 0.226144
51 41 0.221977
51 42 0.218831
51 43 0.214076
51 44 0.206063
51 45 0.199107
51 46 0.194248
51 47 0.190186
51 48 0.184771
51 49 0.1808
51 50 0.177077
51 51 0.175748
51 52 0.173537
51 53 0.1719
51 54 0.169604
51 55 0.168173
51 56 0.166929
51 57 0.164947
51 58 0.164186
51 59 0.164698
51 60 0.165972
51 61 0.164408
51 62 0.164325
51 63 0.163922
51 64 0.16433
51 65 0.165713
51 66 0.164188
51 67 0.162861
51 68 0.163249
51 69 0.16299
51 70 0.162306
51 71 0.16229
51 72 0.162341
51 73 0.162264
51 74 0.16275
51 75 0.162606
51 76 0.162496
51 77 0.162179
51 78 0.160959
51 79 0.158704
51 80 0.157553
51 81 0.156131

52 0 0.14273
52 1 0.141959
52 2 0.14249
52 3 0.143666
52 4 0.145155
52 5 0.14739
52 6 0.148699
52 7 0.148476
52 8 0.150374
52 9 0.151634
52 10 0.154362
52 11 0.156826
52 12 0.158499
52 13 0.161942
52 14 0.162387
52 15 0.163827
52 16 0.166689
52 17 0.168059
52 18 0.168795
52 19 0.171335
52 20 0.17281
52 21 0.173226
52 22 0.176223
52 23 0.178545
52 24 0.180267
52 25 0.182641
52 26 0.186001
52 27 0.189721
52 28 0.193784
52 29 0.196959
52 30 0.199775
52 31 0.202589
52 32 0.205247
52 33 0.208566
52 34 0.212287
52 35 0.217259
52 36 0.221774
52 37 0.224915
52 38 0.227126
52 39 0.229135
52 40 0.229123
52 41 0.226733
52 42 0.223952
52 43 0.220184
52 44 0.21197
52 45 0.203792
52 46 0.198377
52 47 0.192475
52 48 0.188662
52 49 0.183616
52 50 0.180063
52 51 0.178253
52 52 0.176411
52 53 0.174617
52 54 0.172477
52 55 0.171085
52 56 0.169565
52 57 0.166871
52 58 0.165773
52 59 0.166932
52 60 0.16841
52 61 0.166949
52 62 0.166966
52 63 0.165927
52 64 0.166433
52 65 0.166666
52 66 0.165886
52 67 0.16561
52 68 0.165965
52 69 0.165245
52 70 0.164998
52 71 0.164578
52 72 0.164502
52 73 0.163777
52 74 0.162953
52 75 0.164165
52 76 0.164167
52 77 0.163244
52 78 0.162042
52 79 0.160811
52 80 0.158665
52 81 0.157647

53 0 0.141833
53 1 0.141897
53 2 0.141364
53 3 0.142534
53 4 0.144566
53 5 0.146445
53 6 0.146643
53 7 0.147242
53 8 0.148019
53 9 0.150511
53 10 0.151592
53 11 0.154849
53 12 0.158284
53 13 0.161351
53 14 0.161503
53 15 0.163685
53 16 0.16543
53 17 0.167244
53 18 0.167451
53 19 0.169037
53 20 0.171809
53 21 0.173171
53 22 0.174988
53 23 0.176847
53 24 0.176954
53 25 0.18062
53 26 0.184681
53 27 0.189506
53 28 0.193693
53 29 0.196473
53 30 0.199784
53 31 0.202836
53 32 0.206938
53 33 0.210174
53 34 0.214405
53 35 0.218325
53 36 0.221692
53 37 0.225779
53 38 0.228736
53 39 0.22967
53 40 0.231249
53 41 0.230147
53 42 0.227261
53 43 0.223759
53 44 0.217936
53 45 0.211227
53 46 0.204123
53 47 0.196577
53 48 0.192134
53 49 0.185774
53 50 0.182353
53 51 0.181747
53 52 0.18044
53 53 0.179345
53 54 0.176193
53 55 0.173896
53 56 0.171591
53 57 0.16905
53 58 0.168366
53 59 0.169503
53 60 0.169894
53 61 0.169852
53 62 0.168516
53 63 0.167242
53 64 0.168824
53 65 0.169527
53 66 0.169158
53 67 0.166866
53 68 0.166478
53 69 0.166003
53 70 0.165883
53 71 0.165161
53 72 0.165668
53 73 0.165042
53 74 0.164564
53 75 0.164441
53 76 0.164738
53 77 0.165078
53 78 0.163026
53 79 0.161992
53 80 0.16017
53 81 0.158798

54 0 0.141701
54 1 0.142245
54 2 0.142025
54 3 0.142175
54 4 0.142773
54 5 0.144758
54 6 0.145488
54 7 0.146814
54 8 0.146926
54 9 0.147911
54 10 0.15047
54 11 0.152985
54 12 0.157358
54 13 0.15976
54 14 0.161204
54 15 0.163522
54 16 0.165429
54 17 0.16649
54 18 0.167421
54 19 0.169113
54 20 0.170425
54 21 0.172321
54 22 0.174203
54 23 0.176345
54 24 0.176875
54 25 0.179168
54 26 0.183136
54 27 0.188103
54 28 0.190787
54 29 0.195748
54 30 0.199206
54 31 0.204
54 32 0.208558
54 33 0.212631
54 34 0.216153
54 35 0.218973
54 36 0.223495
54 37 0.225983
54 38 0.229981
54 39 0.232008
54 40 0.232516
54 41 0.233047
54 42 0.233323
54 43 0.22991
54 44 0.222153
54 45 0.217712
54 46 0.210598
54 47 0.204557
54 48 0.196977
54 49 0.19037
54 50 0.186019
54 51 0.184139
54 52 0.183596
54 53 0.181113
54 54 0.177853
54 55 0.175802
54 56 0.174471
54 57 0.172216
54 58 0.171357
54 59 0.172307
54 60 0.172363
54 61 0.171237
54 62 0.170553
54 63 0.16876
54 64 0.170053
54 65 0.170671
54 66 0.168906
54 67 0.1681
54 68 0.167365
54 69 0.166354
54 70 0.165934
54 71 0.166194
54 72 0.166053
54 73 0.166112
54 74 0.164549
54 75 0.164948
54 76 0.16452
54 77 0.163949
54 78 0.162728
54 79 0.162871
54 80 0.16079
54 81 0.159987

55 0 0.139215
55 1 0.141154
55 2 0.140683
55 3 0.142072
55 4 0.141677
55 5 0.144078
55 6 0.145278
55 7 0.1466
55 8 0.146521
55 9 0.147748
55 10 0.149892
55 11 0.152568
55 12 0.155075
55 13 0.158409
55 14 0.160137
55 15 0.162023
55 16 0.162967
55 17 0.164373
55 18 0.166522
55 19 0.167017
55 20 0.170108
55 21 0.171583
55 22 0.174081
55 23 0.174474
55 24 0.17507
55 25 0.176634
55 26 0.180641
55 27 0.184757
55 28 0.190491
55 29 0.19497
55 30 0.199192
55 31 0.203351
55 32 0.207423
55 33 0.213168
55 34 0.217424
55 35 0.221138
55 36 0.225656
55 37 0.228561
55 38 0.232038
55 39 0.234048
55 40 0.23427
55 41 0.236151
55 42 0.236357
55 43 0.233919
55 44 0.228336
55 45 0.224314
55 46 0.216677
55 47 0.210216
55 48 0.201503
55 49 0.195804
55 50 0.192722
55 51 0.188929
55 52 0.187339
55 53 0.184282
55 54 0.181965
55 55 0.179777
55 56 0.176501
55 57 0.17593
55 58 0.174164
55 59 0.17408
55 60 0.174009
55 61 0.172892
55 62 0.170781
55 63 0.170303
55 64 0.169972
55 65 0.170143
55 66 0.171019
55 67 0.170162
55 68 0.168869
55 69 0.168726
55 70 0.167473
55 71 0.165697
55 72 0.166232
55 73 0.166312
55 74 0.164964
55 75 0.164879
55 76 0.164933
55 77 0.163278
55 78 0.162353
55 79 0.162036
55 80 0.160695
55 81 0.159737

56 0 0.138856
56 1 0.140603
56 2 0.142816
56 3 0.142267
56 4 0.142698
56 5 0.143926
56 6 0.144911
56 7 0.146168
56 8 0.147169
56 9 0.148208
56 10 0.150201
56 11 0.152147
56 12 0.1547
56 13 0.156537
56 14 0.15749
56 15 0.159819
56 16 0.160886
56 17 0.163343
56 18 0.165047
56 19 0.16642
56 20 0.168326
56 21 0.169581
56 22 0.172882
56 23 0.173538
56 24 0.173926
56 25 0.175609
56 26 0.178398
56 27 0.182927
56 28 0.187685
56 29 0.194208
56 30 0.199385
56 31 0.204433
56 32 0.208231
56 33 0.213402
56 34 0.218524
56 35 0.223152
56 36 0.227885
56 37 0.231753
56 38 0.234688
56 39 0.236539
56 40 0.237787
56 41 0.238887
56 42 0.239231
56 43 0.238833
56 44 0.233636
56 45 0.227358
56 46 0.221753
56 47 0.215999
56 48 0.208481
56 49 0.202151
56 50 0.19682
56 51 0.193419
56 52 0.191859
56 53 0.187489
56 54 0.184779
56 55 0.181708
56 56 0.178804
56 57 0.177039
56 58 0.176053
56 59 0.175325
56 60 0.174679
56 61 0.173842
56 62 0.171926
56 63 0.170922
56 64 0.171357
56 65 0.170204
56 66 0.170163
56 67 0.170195
56 68 0.168683
56 69 0.168236
56 70 0.16722
56 71 0.165712
56 72 0.166637
56 73 0.165828
56 74 0.164078
56 75 0.165296
56 76 0.163964
56 77 0.162643
56 78 0.161647
56 79 0.161157
56 80 0.160123
56 81 0.158072

57 0 0.137893
57 1 0.140858
57 2 0.142438
57 3 0.142651
57 4 0.142469
57 5 0.142954
57 6 0.143876
57 7 0.145299
57 8 0.146415
57 9 0.148748
57 10 0.149351
57 11 0.151675
57 12 0.153544
57 13 0.155465
57 14 0.156221
57 15 0.158921
57 16 0.160223
57 17 0.162845
57 18 0.164317
57 19 0.166629
57 20 0.167817
57 21 0.170526
57 22 0.172995
57 23 0.173575
57 24 0.173389
57 25 0.174054
57 26 0.177472
57 27 0.183521
57 28 0.186472
57 29 0.192213
57 30 0.198204
57 31 0.20412
57 32 0.209198
57 33 0.213385
57 34 0.218866
57 35 0.22431
57 36 0.229418
57 37 0.234267
57 38 0.237854
57 39 0.240557
57 40 0.241481
57 41 0.243392
57 42 0.243808
57 43 0.2419
57 44 0.238392
57 45 0.233154
57 46 0.227717
57 47 0.220068
57 48 0.213032
57 49 0.206942
57 50 0.201755
57 51 0.197353
57 52 0.194523
57 53 0.191029
57 54 0.188988
57 55 0.186188
57 56 0.183044
57 57 0.18042
57 58 0.177701
57 59 0.176616
57 60 0.176888
57 61 0.175818
57 62 0.173502
57 63 0.172746
57 64 0.172406
57 65 0.171323
57 66 0.170595
57 67 0.168773
57 68 0.167982
57 69 0.166441
57 70 0.165864
57 71 0.166202
57 72 0.167009
57 73 0.167342
57 74 0.165913
57 75 0.164987
57 76 0.162895
57 77 0.16174
57 78 0.161224
57 79 0.161142
57 80 0.159712
57 81 0.157955

58 0 0.138114
58 1 0.139993
58 2 0.141992
58 3 0.144054
58 4 0.143182
58 5 0.143822
58 6 0.144605
58 7 0.144383
58 8 0.144978
58 9 0.147132
58 10 0.148787
58 11 0.15092
58 12 0.153206
58 13 0.155616
58 14 0.156243
58 15 0.157918
58 16 0.159249
58 17 0.161277
58 18 0.162451
58 19 0.164824
58 20 0.167466
58 21 0.16916
58 22 0.170871
58 23 0.172449
58 24 0.172964
58 25 0.1733
58 26 0.176636
58 27 0.1807
58 28 0.184963
58 29 0.18982
58 30 0.195718
58 31 0.201094
58 32 0.207031
58 33 0.212822
58 34 0.219281
58 35 0.224801
58 36 0.230679
58 37 0.23551
58 38 0.240326
58 39 0.243094
58 40 0.24494
58 41 0.247301
58 42 0.248023
58 43 0.247314
58 44 0.243918
58 45 0.238454
58 46 0.230938
58 47 0.224951
58 48 0.216506
58 49 0.211348
58 50 0.205657
58 51 0.200503
58 52 0.197656
58 53 0.193396
58 54 0.192473
58 55 0.190256
58 56 0.187263
58 57 0.183578
58 58 0.179992
58 59 0.178289
58 60 0.178555
58 61 0.177986
58 62 0.177294
58 63 0.174145
58 64 0.172595
58 65 0.171589
58 66 0.171271
58 67 0.169119
58 68 0.168333
58 69 0.165294
58 70 0.166025
58 71 0.165777
58 72 0.165261
58 73 0.165106
58 74 0.165504
58 75 0.164636
58 76 0.162924
58 77 0.162705
58 78 0.161572
58 79 0.161444
58 80 0.159922
58 81 0.159015

59 0 0.137011
59 1 0.138764
59 2 0.141525
59 3 0.143293
59 4 0.144308
59 5 0.144571
59 6 0.145048
59 7 0.146522
59 8 0.14806
59 9 0.148513
59 10 0.149714
59 11 0.150821
59 12 0.152678
59 13 0.154169
59 14 0.155343
59 15 0.156888
59 16 0.159522
59 17 0.159954
59 18 0.161788
59 19 0.162711
59 20 0.165405
59 21 0.167518
59 22 0.170356
59 23 0.171268
59 24 0.172852
59 25 0.172889
59 26 0.175999
59 27 0.179213
59 28 0.183358
59 29 0.187728
59 30 0.193571
59 31 0.19905
59 32 0.204808
59 33 0.211761
59 34 0.217487
59 35 0.224044
59 36 0.230407
59 37 0.236672
59 38 0.241937
59 39 0.245165
59 40 0.248013
59 41 0.250211
59 42 0.250751
59 43 0.25074
59 44 0.248326
59 45 0.242898
59 46 0.235744
59 47 0.228067
59 48 0.221615
59 49 0.214905
59 50 0.209003
59 51 0.203803
59 52 0.1995
59 53 0.197177
59 54 0.193771
59 55 0.192019
59 56 0.189258
59 57 0.185733
59 58 0.182982
59 59 0.180194
59 60 0.178935
59 61 0.178953
59 62 0.17822
59 63 0.175921
59 64 0.172897
59 65 0.173142
59 66 0.170666
59 67 0.168819
59 68 0.168178
59 69 0.166464
59 70 0.166176
59 71 0.164502
59 72 0.165114
59 73 0.165147
59 74 0.164283
59 75 0.163975
59 76 0.162287
59 77 0.161953
59 78 0.162168
59 79 0.161169
59 80 0.159977
59 81 0.15907

60 0 0.137068
60 1 0.139213
60 2 0.142078
60 3 0.143433
60 4 0.144994
60 5 0.145061
60 6 0.145776
60 7 0.147693
60 8 0.148053
60 9 0.149598
60 10 0.149349
60 11 0.150158
60 12 0.152313
60 13 0.153486
60 14 0.155219
60 15 0.156424
60 16 0.157454
60 17 0.158635
60 18 0.159798
60 19 0.16207
60 20 0.165483
60 21 0.166051
60 22 0.16823
60 23 0.170055
60 24 0.170032
60 25 0.171679
60 26 0.175003
60 27 0.179626
60 28 0.182154
60 29 0.187449
60 30 0.191522
60 31 0.197086
60 32 0.203001
60 33 0.209224
60 34 0.216519
60 35 0.221966
60 36 0.229066
60 37 0.234937
60 38 0.240074
60 39 0.246417
60 40 0.250362
60 41 0.253153
60 42 0.255375
60 43 0.255798
60 44 0.252483
60 45 0.246995
60 46 0.241571
60 47 0.233284
60 48 0.225178
60 49 0.217683
60 50 0.211575
60 51 0.207491
60 52 0.203123
60 53 0.199765
60 54 0.196266
60 55 0.19395
60 56 0.190536
60 57 0.188994
60 58 0.184648
60 59 0.182582
60 60 0.180727
60 61 0.179549
60 62 0.179147
60 63 0.176072
60 64 0.173759
60 65 0.17366
60 66 0.171006
60 67 0.168392
60 68 0.166376
60 69 0.165417
60 70 0.165378
60 71 0.164846
60 72 0.164871
60 73 0.164705
60 74 0.163512
60 75 0.162373
60 76 0.16183
60 77 0.161005
60 78 0.161262
60 79 0.159532
60 80 0.159288
60 81 0.158743

61 0 0.137976
61 1 0.139734
61 2 0.142416
61 3 0.143023
61 4 0.144778
61 5 0.145322
61 6 0.146706
61 7 0.148127
61 8 0.14798
61 9 0.150112
61 10 0.150846
61 11 0.150453
61 12 0.150632
61 13 0.15351
61 14 0.154768
61 15 0.155986
61 16 0.156986
61 17 0.157294
61 18 0.158639
61 19 0.16039
61 20 0.162517
61 21 0.164655
61 22 0.164507
61 23 0.166757
61 24 0.169174
61 25 0.17177
61 26 0.174814
61 27 0.177253
61 28 0.181161
61 29 0.18527
61 30 0.188554
61 31 0.193078
61 32 0.199177
61 33 0.205657
61 34 0.212597
61 35 0.218042
61 36 0.22449
61 37 0.230742
61 38 0.237473
61 39 0.243858
61 40 0.250324
61 41 0.255395
61 42 0.257858
61 43 0.256735
61 44 0.255254
61 45 0.25102
61 46 0.244578
61 47 0.237778
61 48 0.229043
61 49 0.219771
61 50 0.212684
61 51 0.206901
61 52 0.204138
61 53 0.199501
61 54 0.197431
61 55 0.195315
61 56 0.192029
61 57 0.188561
61 58 0.185351
61 59 0.184283
61 60 0.182715
61 61 0.181587
61 62 0.178735
61 63 0.175434
61 64 0.173244
61 65 0.171822
61 66 0.167555
61 67 0.167363
61 68 0.165814
61 69 0.165701
61 70 0.1649
61 71 0.164214
61 72 0.163687
61 73 0.163078
61 74 0.163226
61 75 0.162065
61 76 0.160941
61 77 0.16136
61 78 0.160213
61 79 0.160551
61 80 0.159017
61 81 0.159138

62 0 0.137282
62 1 0.139724
62 2 0.141431
62 3 0.141464
62 4 0.143561
62 5 0.144603
62 6 0.146403
62 7 0.146148
62 8 0.148405
62 9 0.148017
62 10 0.149606
62 11 0.152109
62 12 0.152413
62 13 0.15395
62 14 0.15537
62 15 0.154121
62 16 0.155556
62 17 0.157769
62 18 0.158873
62 19 0.159224
62 20 0.160546
62 21 0.160399
62 22 0.163008
62 23 0.165045
62 24 0.16844
62 25 0.169275
62 26 0.173331
62 27 0.174022
62 28 0.178583
62 29 0.182672
62 30 0.18677
62 31 0.190219
62 32 0.195148
62 33 0.202001
62 34 0.207552
62 35 0.213399
62 36 0.219595
62 37 0.225174
62 38 0.23212
62 39 0.239717
62 40 0.244852
62 41 0.251905
62 42 0.255627
62 43 0.256423
62 44 0.256261
62 45 0.252589
62 46 0.247096
62 47 0.239876
62 48 0.231528
62 49 0.221462
62 50 0.214023
62 51 0.208356
62 52 0.204521
62 53 0.199737
62 54 0.197216
62 55 0.194961
62 56 0.192511
62 57 0.191187
62 58 0.188783
62 59 0.185781
62 60 0.182966
62 61 0.182682
62 62 0.180148
62 63 0.175654
62 64 0.173219
62 65 0.171922
62 66 0.168885
62 67 0.165811
62 68 0.164738
62 69 0.164683
62 70 0.16386
62 71 0.16432
62 72 0.164561
62 73 0.164932
62 74 0.164386
62 75 0.161978
62 76 0.160797
62 77 0.161159
62 78 0.161092
62 79 0.16007
62 80 0.159252
62 81 0.157357

63 0 0.135495
63 1 0.137139
63 2 0.139419
63 3 0.140651
63 4 0.141131
63 5 0.143763
63 6 0.144758
63 7 0.146825
63 8 0.147718
63 9 0.147241
63 10 0.149256
63 11 0.150297
63 12 0.15135
63 13 0.152429
63 14 0.154611
63 15 0.155905
63 16 0.156576
63 17 0.157744
63 18 0.158412
63 19 0.157986
63 20 0.159671
63 21 0.159661
63 22 0.16166
63 23 0.163316
63 24 0.164723
63 25 0.166767
63 26 0.170574
63 27 0.172642
63 28 0.174686
63 29 0.179157
63 30 0.184
63 31 0.187504
63 32 0.191939
63 33 0.197325
63 34 0.203214
63 35 0.209346
63 36 0.215435
63 37 0.220125
63 38 0.225697
63 39 0.231572
63 40 0.238141
63 41 0.244894
63 42 0.251142
63 43 0.253704
63 44 0.253763
63 45 0.251765
63 46 0.247017
63 47 0.239379
63 48 0.231833
63 49 0.222885
63 50 0.215216
63 51 0.209422
63 52 0.204326
63 53 0.200751
63 54 0.196962
63 55 0.194446
63 56 0.192052
63 57 0.190218
63 58 0.187554
63 59 0.184021
63 60 0.18128
63 61 0.180965
63 62 0.180022
63 63 0.176673
63 64 0.173376
63 65 0.171134
63 66 0.170102
63 67 0.166481
63 68 0.165671
63 69 0.165106
63 70 0.163706
63 71 0.164735
63 72 0.165231
63 73 0.166448
63 74 0.165408
63 75 0.163265
63 76 0.162649
63 77 0.163091
63 78 0.161385
63 79 0.160284
63 80 0.158834
63 81 0.158541

64 0 0.133157
64 1 0.135122
64 2 0.137043
64 3 0.138557
64 4 0.140215
64 5 0.142185
64 6 0.145707
64 7 0.146625
64 8 0.146678
64 9 0.146372
64 10 0.147969
64 11 0.148524
64 12 0.14939
64 13 0.150141
64 14 0.152366
64 15 0.154022
64 16 0.154883
64 17 0.155825
64 18 0.156729
64 19 0.156665
64 20 0.157584
64 21 0.158679
64 22 0.160215
64 23 0.160945
64 24 0.162813
64 25 0.165783
64 26 0.168139
64 27 0.170881
64 28 0.172432
64 29 0.176657
64 30 0.17971
64 31 0.182937
64 32 0.187401
64 33 0.192019
64 34 0.199051
64 35 0.204534
64 36 0.211503
64 37 0.215416
64 38 0.221048
64 39 0.226533
64 40 0.232285
64 41 0.238118
64 42 0.244786
64 43 0.247944
64 44 0.249485
64 45 0.247038
64 46 0.24416
64 47 0.238058
64 48 0.231632
64 49 0.224822
64 50 0.216472
64 51 0.209959
64 52 0.206511
64 53 0.201121
64 54 0.196701
64 55 0.194186
64 56 0.191523
64 57 0.187085
64 58 0.18338
64 59 0.181286
64 60 0.179303
64 61 0.178502
64 62 0.17873
64 63 0.175827
64 64 0.172333
64 65 0.171701
64 66 0.172068
64 67 0.167728
64 68 0.166671
64 69 0.164905
64 70 0.164665
64 71 0.165229
64 72 0.165377
64 73 0.166077
64 74 0.166589
64 75 0.165291
64 76 0.164398
64 77 0.164651
64 78 0.162704
64 79 0.161057
64 80 0.158668
64 81 0.158414

65 0 0.131554
65 1 0.132631
65 2 0.133883
65 3 0.137623
65 4 0.138731
65 5 0.140834
65 6 0.142839
65 7 0.145317
65 8 0.1464
65 9 0.145715
65 10 0.146965
65 11 0.147791
65 12 0.14833
65 13 0.150066
65 14 0.151974
65 15 0.153458
65 16 0.154564
65 17 0.15535
65 18 0.155269
65 19 0.15481
65 20 0.156414
65 21 0.157836
65 22 0.158104
65 23 0.159228
65 24 0.161048
65 25 0.163475
65 26 0.165967
65 27 0.16835
65 28 0.169545
65 29 0.17202
65 30 0.174771
65 31 0.179223
65 32 0.183746
65 33 0.188442
65 34 0.195176
65 35 0.200309
65 36 0.206407
65 37 0.210742
65 38 0.216499
65 39 0.222189
65 40 0.226869
65 41 0.232629
65 42 0.23818
65 43 0.2415
65 44 0.243941
65 45 0.242937
65 46 0.238955
65 47 0.23336
65 48 0.228889
65 49 0.222627
65 50 0.214718
65 51 0.210676
65 52 0.207783
65 53 0.202521
65 54 0.197565
65 55 0.193202
65 56 0.189511
65 57 0.186324
65 58 0.183504
65 59 0.180468
65 60 0.17966
65 61 0.176023
65 62 0.176614
65 63 0.174431
65 64 0.171881
65 65 0.170633
65 66 0.169597
65 67 0.1678
65 68 0.16709
65 69 0.166432
65 70 0.165569
65 71 0.166489
65 72 0.166358
65 73 0.165397
65 74 0.165391
65 75 0.165359
65 76 0.163776
65 77 0.163505
65 78 0.162893
65 79 0.161057
65 80 0.159753
65 81 0.158238

66 0 0.131782
66 1 0.131046
66 2 0.131941
66 3 0.135218
66 4 0.137957
66 5 0.139509
66 6 0.142613
66 7 0.143934
66 8 0.144814
66 9 0.14416
66 10 0.145476
66 11 0.147528
66 12 0.148699
66 13 0.149488
66 14 0.151544
66 15 0.151799
66 16 0.153522
66 17 0.154894
66 18 0.153546
66 19 0.155615
66 20 0.156626
66 21 0.156369
66 22 0.157411
66 23 0.156942
66 24 0.158773
66 25 0.161748
66 26 0.163594
66 27 0.166126
66 28 0.168076
66 29 0.169405
66 30 0.172307
66 31 0.176735
66 32 0.180672
66 33 0.185013
66 34 0.18929
66 35 0.193207
66 36 0.200177
66 37 0.205282
66 38 0.209981
66 39 0.215329
66 40 0.221572
66 41 0.225284
66 42 0.230601
66 43 0.233095
66 44 0.234168
66 45 0.234714
66 46 0.231838
66 47 0.22804
66 48 0.225325
66 49 0.220014
66 50 0.21474
66 51 0.20916
66 52 0.206456
66 53 0.20238
66 54 0.199593
66 55 0.196823
66 56 0.191665
66 57 0.188083
66 58 0.184223
66 59 0.181345
66 60 0.178717
66 61 0.177212
66 62 0.176044
66 63 0.173972
66 64 0.171825
66 65 0.17138
66 66 0.169016
66 67 0.166758
66 68 0.166663
66 69 0.166646
66 70 0.16709
66 71 0.167161
66 72 0.165811
66 73 0.166727
66 74 0.166063
66 75 0.164139
66 76 0.163858
66 77 0.163253
66 78 0.161459
66 79 0.161152
66 80 0.15968
66 81 0.157392

67 0 0.131319
67 1 0.130998
67 2 0.133216
67 3 0.134787
67 4 0.136838
67 5 0.138884
67 6 0.141116
67 7 0.142926
67 8 0.142758
67 9 0.143174
67 10 0.145276
67 11 0.145987
67 12 0.147729
67 13 0.148548
67 14 0.150209
67 15 0.151201
67 16 0.151862
67 17 0.153686
67 18 0.153884
67 19 0.15434
67 20 0.155746
67 21 0.156047
67 22 0.155807
67 23 0.156384
67 24 0.157361
67 25 0.158552
67 26 0.162043
67 27 0.164202
67 28 0.165496
67 29 0.168146
67 30 0.170681
67 31 0.173966
67 32 0.176963
67 33 0.180828
67 34 0.184557
67 35 0.187667
67 36 0.1936
67 37 0.199726
67 38 0.203619
67 39 0.209082
67 40 0.213931
67 41 0.21807
67 42 0.22263
67 43 0.225746
67 44 0.226864
67 45 0.227993
67 46 0.227404
67 47 0.224649
67 48 0.22114
67 49 0.216768
67 50 0.213237
67 51 0.209063
67 52 0.20475
67 53 0.20067
67 54 0.197411
67 55 0.194939
67 56 0.191798
67 57 0.187912
67 58 0.185871
67 59 0.18177
67 60 0.180667
67 61 0.176418
67 62 0.175123
67 63 0.173541
67 64 0.171081
67 65 0.169429
67 66 0.169193
67 67 0.165677
67 68 0.165693
67 69 0.166105
67 70 0.166546
67 71 0.16725
67 72 0.165084
67 73 0.167258
67 74 0.165191
67 75 0.165968
67 76 0.164047
67 77 0.164136
67 78 0.162923
67 79 0.160777
67 80 0.159842
67 81 0.1583

68 0 0.131777
68 1 0.132809
68 2 0.13338
68 3 0.135217
68 4 0.136304
68 5 0.137966
68 6 0.140089
68 7 0.141758
68 8 0.142952
68 9 0.142533
68 10 0.144717
68 11 0.144831
68 12 0.145575
68 13 0.147546
68 14 0.149068
68 15 0.151273
68 16 0.153403
68 17 0.153483
68 18 0.153062
68 19 0.15387
68 20 0.153585
68 21 0.15269
68 22 0.152931
68 23 0.154697
68 24 0.155601
68 25 0.157327
68 26 0.158364
68 27 0.160318
68 28 0.161917
68 29 0.163707
68 30 0.16885
68 31 0.17158
68 32 0.173434
68 33 0.176185
68 34 0.178815
68 35 0.181622
68 36 0.187791
68 37 0.194738
68 38 0.1971
68 39 0.202552
68 40 0.208636
68 41 0.213961
68 42 0.217406
68 43 0.219961
68 44 0.221321
68 45 0.220972
68 46 0.222211
68 47 0.220046
68 48 0.218125
68 49 0.214361
68 50 0.209449
68 51 0.206348
68 52 0.203264
68 53 0.2003
68 54 0.196197
68 55 0.193759
68 56 0.19129
68 57 0.187788
68 58 0.184803
68 59 0.182383
68 60 0.180926
68 61 0.179143
68 62 0.175175
68 63 0.173126
68 64 0.170958
68 65 0.16846
68 66 0.168672
68 67 0.166685
68 68 0.165839
68 69 0.164818
68 70 0.166281
68 71 0.167458
68 72 0.166371
68 73 0.166994
68 74 0.166121
68 75 0.167137
68 76 0.166217
68 77 0.164351
68 78 0.162786
68 79 0.160952
68 80 0.160542
68 81 0.158854

69 0 0.131559
69 1 0.132071
69 2 0.133637
69 3 0.134986
69 4 0.135805
69 5 0.137378
69 6 0.138892
69 7 0.139762
69 8 0.14205
69 9 0.141907
69 10 0.143207
69 11 0.144292
69 12 0.144566
69 13 0.146157
69 14 0.147542
69 15 0.149649
69 16 0.151385
69 17 0.152287
69 18 0.151817
69 19 0.152024
69 20 0.150875
69 21 0.150211
69 22 0.150748
69 23 0.151778
69 24 0.152904
69 25 0.155466
69 26 0.155019
69 27 0.15736
69 28 0.159074
69 29 0.161239
69 30 0.165433
69 31 0.168742
69 32 0.170684
69 33 0.172968
69 34 0.175113
69 35 0.178301
69 36 0.18182
69 37 0.187538
69 38 0.191699
69 39 0.196629
69 40 0.201191
69 41 0.206271
69 42 0.210625
69 43 0.214371
69 44 0.214484
69 45 0.215091
69 46 0.215208
69 47 0.214989
69 48 0.214112
69 49 0.211515
69 50 0.206848
69 51 0.202302
69 52 0.198654
69 53 0.195504
69 54 0.192616
69 55 0.191527
69 56 0.189626
69 57 0.186774
69 58 0.185261
69 59 0.182588
69 60 0.180736
69 61 0.177566
69 62 0.176906
69 63 0.17273
69 64 0.170913
69 65 0.169423
69 66 0.168321
69 67 0.166516
69 68 0.164522
69 69 0.163535
69 70 0.163671
69 71 0.164793
69 72 0.164462
69 73 0.164946
69 74 0.165613
69 75 0.165904
69 76 0.165807
69 77 0.164318
69 78 0.162421
69 79 0.160292
69 80 0.160285
69 81 0.159072

70 0 0.133181
70 1 0.132957
70 2 0.134239
70 3 0.135285
70 4 0.136703
70 5 0.137649
70 6 0.139902
70 7 0.139311
70 8 0.142055
70 9 0.142156
70 10 0.143151
70 11 0.14186
70 12 0.143866
70 13 0.144721
70 14 0.146232
70 15 0.147959
70 16 0.1502
70 17 0.151047
70 18 0.151101
70 19 0.150802
70 20 0.149051
70 21 0.149131
70 22 0.148846
70 23 0.150438
70 24 0.15213
70 25 0.152065
70 26 0.152218
70 27 0.155821
70 28 0.156338
70 29 0.159002
70 30 0.162257
70 31 0.164826
70 32 0.16673
70 33 0.170223
70 34 0.172738
70 35 0.174978
70 36 0.179194
70 37 0.184132
70 38 0.186909
70 39 0.191542
70 40 0.195917
70 41 0.19956
70 42 0.205582
70 43 0.210156
70 44 0.210496
70 45 0.209132
70 46 0.20984
70 47 0.210129
70 48 0.208899
70 49 0.208273
70 50 0.203036
70 51 0.197492
70 52 0.194887
70 53 0.191903
70 54 0.189636
70 55 0.188013
70 56 0.186837
70 57 0.183162
70 58 0.181774
70 59 0.181651
70 60 0.179978
70 61 0.177653
70 62 0.175629
70 63 0.171837
70 64 0.169078
70 65 0.167636
70 66 0.166553
70 67 0.165214
70 68 0.162727
70 69 0.162266
70 70 0.1627
70 71 0.163031
70 72 0.163303
70 73 0.16212
70 74 0.163014
70 75 0.164682
70 76 0.164729
70 77 0.163112
70 78 0.161977
70 79 0.16151
70 80 0.16041
70 81 0.159907

71 0 0.134503
71 1 0.134541
71 2 0.135832
71 3 0.137429
71 4 0.138749
71 5 0.139547
71 6 0.139663
71 7 0.14156
71 8 0.142329
71 9 0.142854
71 10 0.143585
71 11 0.141983
71 12 0.141924
71 13 0.142728
71 14 0.144978
71 15 0.146373
71 16 0.147486
71 17 0.149322
71 18 0.150337
71 19 0.148058
71 20 0.147577
71 21 0.146599
71 22 0.146596
71 23 0.148864
71 24 0.149441
71 25 0.14952
71 26 0.150921
71 27 0.152236
71 28 0.152463
71 29 0.155665
71 30 0.158976
71 31 0.161855
71 32 0.164073
71 33 0.166352
71 34 0.170655
71 35 0.173057
71 36 0.176716
71 37 0.180907
71 38 0.1833
71 39 0.187675
71 40 0.192203
71 41 0.19462
71 42 0.199146
71 43 0.204587
71 44 0.204561
71 45 0.204183
71 46 0.20455
71 47 0.204652
71 48 0.205146
71 49 0.203102
71 50 0.2002
71 51 0.195454
71 52 0.190464
71 53 0.188364
71 54 0.186438
71 55 0.185565
71 56 0.18378
71 57 0.180768
71 58 0.17927
71 59 0.177587
71 60 0.177575
71 61 0.177455
71 62 0.175793
71 63 0.172353
71 64 0.168656
71 65 0.166186
71 66 0.163534
71 67 0.162984
71 68 0.161675
71 69 0.160261
71 70 0.16079
71 71 0.16069
71 72 0.160562
71 73 0.16179
71 74 0.160665
71 75 0.16108
71 76 0.161258
71 77 0.16122
71 78 0.162041
71 79 0.160955
71 80 0.16058
71 81 0.15942

72 0 0.133916
72 1 0.134577
72 2 0.134717
72 3 0.136626
72 4 0.139232
72 5 0.139466
72 6 0.142119
72 7 0.14293
72 8 0.142914
72 9 0.144165
72 10 0.143186
72 11 0.142856
72 12 0.141814
72 13 0.142015
72 14 0.143719
72 15 0.143444
72 16 0.144939
72 17 0.146777
72 18 0.147083
72 19 0.146203
72 20 0.145659
72 21 0.146199
72 22 0.145122
72 23 0.14575
72 24 0.14686
72 25 0.147135
72 26 0.147377
72 27 0.149043
72 28 0.148629
72 29 0.152138
72 30 0.155329
72 31 0.156804
72 32 0.16047
72 33 0.164003
72 34 0.168023
72 35 0.170599
72 36 0.174111
72 37 0.177553
72 38 0.18087
72 39 0.184205
72 40 0.187558
72 41 0.19098
72 42 0.194602
72 43 0.198062
72 44 0.199722
72 45 0.199431
72 46 0.20032
72 47 0.199089
72 48 0.197842
72 49 0.197581
72 50 0.196262
72 51 0.190094
72 52 0.187347
72 53 0.185401
72 54 0.182563
72 55 0.181746
72 56 0.181612
72 57 0.178607
72 58 0.177313
72 59 0.176972
72 60 0.175235
72 61 0.174191
72 62 0.172577
72 63 0.170963
72 64 0.167466
72 65 0.164583
72 66 0.16299
72 67 0.162561
72 68 0.160791
72 69 0.158056
72 70 0.15882
72 71 0.158882
72 72 0.160064
72 73 0.160707
72 74 0.160013
72 75 0.159997
72 76 0.160401
72 77 0.160072
72 78 0.161306
72 79 0.160459
72 80 0.160219
72 81 0.158721

73 0 0.135208
73 1 0.13509
73 2 0.13588
73 3 0.138656
73 4 0.141128
73 5 0.140839
73 6 0.142347
73 7 0.143872
73 8 0.14563
73 9 0.144265
73 10 0.145437
73 11 0.14247
73 12 0.14253
73 13 0.141537
73 14 0.139966
73 15 0.14084
73 16 0.142279
73 17 0.143877
73 18 0.144316
73 19 0.144218
73 20 0.143049
73 21 0.143521
73 22 0.143546
73 23 0.143993
73 24 0.142826
73 25 0.142505
73 26 0.145486
73 27 0.146483
73 28 0.145935
73 29 0.148742
73 30 0.150746
73 31 0.15265
73 32 0.156042
73 33 0.159323
73 34 0.162377
73 35 0.166528
73 36 0.169739
73 37 0.174496
73 38 0.177069
73 39 0.180797
73 40 0.184493
73 41 0.187304
73 42 0.189728
73 43 0.193584
73 44 0.193743
73 45 0.194843
73 46 0.195494
73 47 0.193821
73 48 0.193419
73 49 0.192932
73 50 0.19171
73 51 0.186094
73 52 0.184
73 53 0.181275
73 54 0.179852
73 55 0.179396
73 56 0.178448
73 57 0.176857
73 58 0.176413
73 59 0.174047
73 60 0.174742
73 61 0.17268
73 62 0.172068
73 63 0.169772
73 64 0.16666
73 65 0.162642
73 66 0.161612
73 67 0.162394
73 68 0.160031
73 69 0.157665
73 70 0.158678
73 71 0.15859
73 72 0.158939
73 73 0.15864
73 74 0.15838
73 75 0.157737
73 76 0.158926
73 77 0.161577
73 78 0.159934
73 79 0.16051
73 80 0.159476
73 81 0.158144

74 0 0.136445
74 1 0.13652
74 2 0.137963
74 3 0.139857
74 4 0.141744
74 5 0.142177
74 6 0.142836
74 7 0.143827
74 8 0.143975
74 9 0.145437
74 10 0.143539
74 11 0.14266
74 12 0.142274
74 13 0.140267
74 14 0.139071
74 15 0.140519
74 16 0.14093
74 17 0.141474
74 18 0.14248
74 19 0.143391
74 20 0.143015
74 21 0.143448
74 22 0.141273
74 23 0.141984
74 24 0.140582
74 25 0.141944
74 26 0.144585
74 27 0.144328
74 28 0.144059
74 29 0.147409
74 30 0.148699
74 31 0.150926
74 32 0.1525
74 33 0.155234
74 34 0.157602
74 35 0.161902
74 36 0.164729
74 37 0.169022
74 38 0.173142
74 39 0.176942
74 40 0.180062
74 41 0.181406
74 42 0.185735
74 43 0.186893
74 44 0.189258
74 45 0.189863
74 46 0.190523
74 47 0.191327
74 48 0.189273
74 49 0.188652
74 50 0.18787
74 51 0.183449
74 52 0.180178
74 53 0.179099
74 54 0.177515
74 55 0.177175
74 56 0.177117
74 57 0.175638
74 58 0.173285
74 59 0.172612
74 60 0.172529
74 61 0.172971
74 62 0.171884
74 63 0.168464
74 64 0.164492
74 65 0.162743
74 66 0.160483
74 67 0.159129
74 68 0.157656
74 69 0.156837
74 70 0.15776
74 71 0.157217
74 72 0.156846
74 73 0.156718
74 74 0.157627
74 75 0.157952
74 76 0.158316
74 77 0.15988
74 78 0.160066
74 79 0.159691
74 80 0.158229
74 81 0.15658

75 0 0.136605
75 1 0.136148
75 2 0.13853
75 3 0.139403
75 4 0.141519
75 5 0.142662
75 6 0.14331
75 7 0.142873
75 8 0.142403
75 9 0.142952
75 10 0.142519
75 11 0.141326
75 12 0.14085
75 13 0.139181
75 14 0.138995
75 15 0.139582
75 16 0.139787
75 17 0.142005
75 18 0.14149
75 19 0.141463
75 20 0.142193
75 21 0.142409
75 22 0.141398
75 23 0.140796
75 24 0.139222
75 25 0.138305
75 26 0.14019
75 27 0.142244
75 28 0.142488
75 29 0.14584
75 30 0.147178
75 31 0.148329
75 32 0.15025
75 33 0.15271
75 34 0.154817
75 35 0.157239
75 36 0.161371
75 37 0.165527
75 38 0.168367
75 39 0.172082
75 40 0.175699
75 41 0.176922
75 42 0.180718
75 43 0.183031
75 44 0.184796
75 45 0.185187
75 46 0.186387
75 47 0.187351
75 48 0.185123
75 49 0.185782
75 50 0.183055
75 51 0.180419
75 52 0.178193
75 53 0.176255
75 54 0.174324
75 55 0.175086
75 56 0.174301
75 57 0.173387
75 58 0.172744
75 59 0.17101
75 60 0.17151
75 61 0.172239
75 62 0.170626
75 63 0.167616
75 64 0.163613
75 65 0.162174
75 66 0.15997
75 67 0.157947
75 68 0.157149
75 69 0.1563
75 70 0.156406
75 71 0.157197
75 72 0.156491
75 73 0.15633
75 74 0.156942
75 75 0.156619
75 76 0.158163
75 77 0.15918
75 78 0.159503
75 79 0.159534
75 80 0.158395
75 81 0.156154

76 0 0.137201
76 1 0.137989
76 2 0.137751
76 3 0.140007
76 4 0.140101
76 5 0.139877
76 6 0.141259
76 7 0.140678
76 8 0.14151
76 9 0.141471
76 10 0.141332
76 11 0.140268
76 12 0.139328
76 13 0.138293
76 14 0.138739
76 15 0.139815
76 16 0.141402
76 17 0.141605
76 18 0.141734
76 19 0.141919
76 20 0.142758
76 21 0.143275
76 22 0.140711
76 23 0.14
76 24 0.138969
76 25 0.138805
76 26 0.139385
76 27 0.140417
76 28 0.141733
76 29 0.14536
76 30 0.146536
76 31 0.147918
76 32 0.149936
76 33 0.152294
76 34 0.153342
76 35 0.155281
76 36 0.157794
76 37 0.161616
76 38 0.165458
76 39 0.168894
76 40 0.171309
76 41 0.173751
76 42 0.176185
76 43 0.178313
76 44 0.180321
76 45 0.180971
76 46 0.182842
76 47 0.182018
76 48 0.180802
76 49 0.180502
76 50 0.178305
76 51 0.176469
76 52 0.17557
76 53 0.173092
76 54 0.172319
76 55 0.170468
76 56 0.171136
76 57 0.171025
76 58 0.172179
76 59 0.171152
76 60 0.170422
76 61 0.170268
76 62 0.168291
76 63 0.166601
76 64 0.162354
76 65 0.161046
76 66 0.159341
76 67 0.158341
76 68 0.156738
76 69 0.154065
76 70 0.156148
76 71 0.155792
76 72 0.155935
76 73 0.155615
76 74 0.156089
76 75 0.156179
76 76 0.157875
76 77 0.157886
76 78 0.159788
76 79 0.158679
76 80 0.158743
76 81 0.157036

77 0 0.140584
77 1 0.138719
77 2 0.138446
77 3 0.139123
77 4 0.139389
77 5 0.138117
77 6 0.139241
77 7 0.138181
77 8 0.138227
77 9 0.139639
77 10 0.139422
77 11 0.139561
77 12 0.138459
77 13 0.138889
77 14 0.139201
77 15 0.139144
77 16 0.140435
77 17 0.14149
77 18 0.142384
77 19 0.143666
77 20 0.142534
77 21 0.140842
77 22 0.139972
77 23 0.13899
77 24 0.138449
77 25 0.137654
77 26 0.139244
77 27 0.14016
77 28 0.139883
77 29 0.142469
77 30 0.144564
77 31 0.146632
77 32 0.147749
77 33 0.150625
77 34 0.151909
77 35 0.152669
77 36 0.155505
77 37 0.158872
77 38 0.161523
77 39 0.16602
77 40 0.168543
77 41 0.171105
77 42 0.171674
77 43 0.175073
77 44 0.174942
77 45 0.176293
77 46 0.179289
77 47 0.180219
77 48 0.178362
77 49 0.17708
77 50 0.173694
77 51 0.174051
77 52 0.17161
77 53 0.169313
77 54 0.168545
77 55 0.16795
77 56 0.167211
77 57 0.166837
77 58 0.168102
77 59 0.169841
77 60 0.169752
77 61 0.169699
77 62 0.167747
77 63 0.164929
77 64 0.160906
77 65 0.158149
77 66 0.157519
77 67 0.155851
77 68 0.155284
77 69 0.155366
77 70 0.154514
77 71 0.154934
77 72 0.154146
77 73 0.15447
77 74 0.155038
77 75 0.154345
77 76 0.154648
77 77 0.155841
77 78 0.156663
77 79 0.158059
77 80 0.157551
77 81 0.156901

78 0 0.140662
78 1 0.139755
78 2 0.138445
78 3 0.137326
78 4 0.137567
78 5 0.138147
78 6 0.137831
78 7 0.138138
78 8 0.138133
78 9 0.139295
78 10 0.138966
78 11 0.139313
78 12 0.139539
78 13 0.139247
78 14 0.140851
78 15 0.142418
78 16 0.142242
78 17 0.143314
78 18 0.142345
78 19 0.142717
78 20 0.141381
78 21 0.140601
78 22 0.139837
78 23 0.139253
78 24 0.137936
78 25 0.137057
78 26 0.139017
78 27 0.140256
78 28 0.139329
78 29 0.141868
78 30 0.143537
78 31 0.145174
78 32 0.146206
78 33 0.148719
78 34 0.148953
78 35 0.151203
78 36 0.153047
78 37 0.156193
78 38 0.158039
78 39 0.16085
78 40 0.163899
78 41 0.166456
78 42 0.168027
78 43 0.170498
78 44 0.171582
78 45 0.171905
78 46 0.174587
78 47 0.176518
78 48 0.17597
78 49 0.174081
78 50 0.171431
78 51 0.169539
78 52 0.16705
78 53 0.16619
78 54 0.164076
78 55 0.163288
78 56 0.164186
78 57 0.164059
78 58 0.164499
78 59 0.16538
78 60 0.166966
78 61 0.167198
78 62 0.166201
78 63 0.16426
78 64 0.15963
78 65 0.156485
78 66 0.154749
78 67 0.153847
78 68 0.153479
78 69 0.153869
78 70 0.153258
78 71 0.152419
78 72 0.153393
78 73 0.153442
78 74 0.15339
78 75 0.154206
78 76 0.154586
78 77 0.155386
78 78 0.155944
78 79 0.156198
78 80 0.156505
78 81 0.15534

79 0 0.138781
79 1 0.138828
79 2 0.137373
79 3 0.136394
79 4 0.13672
79 5 0.136872
79 6 0.137278
79 7 0.136869
79 8 0.137958
79 9 0.138525
79 10 0.138543
79 11 0.139442
79 12 0.139473
79 13 0.139067
79 14 0.14033
79 15 0.140607
79 16 0.140352
79 17 0.142242
79 18 0.142565
79 19 0.142277
79 20 0.140542
79 21 0.141139
79 22 0.139399
79 23 0.139588
79 24 0.138253
79 25 0.1387
79 26 0.137899
79 27 0.139387
79 28 0.137764
79 29 0.140459
79 30 0.142643
79 31 0.143666
79 32 0.144949
79 33 0.145702
79 34 0.146925
79 35 0.149103
79 36 0.150636
79 37 0.153117
79 38 0.154975
79 39 0.1576
79 40 0.159955
79 41 0.163066
79 42 0.164194
79 43 0.166338
79 44 0.167547
79 45 0.168371
79 46 0.170168
79 47 0.172071
79 48 0.172655
79 49 0.171031
79 50 0.168183
79 51 0.1661
79 52 0.164494
79 53 0.162128
79 54 0.160122
79 55 0.160047
79 56 0.159799
79 57 0.160663
79 58 0.160698
79 59 0.162606
79 60 0.163595
79 61 0.163242
79 62 0.163166
79 63 0.161763
79 64 0.157901
79 65 0.153633
79 66 0.152598
79 67 0.1517
79 68 0.152341
79 69 0.150881
79 70 0.151362
79 71 0.1524
79 72 0.152044
79 73 0.153993
79 74 0.152489
79 75 0.151466
79 76 0.152398
79 77 0.15289
79 78 0.154438
79 79 0.154566
79 80 0.155876
79 81 0.156095

80 0 0.138855
80 1 0.137894
80 2 0.137311
80 3 0.135245
80 4 0.13483
80 5 0.135466
80 6 0.135636
80 7 0.135648
80 8 0.136354
80 9 0.13679
80 10 0.135198
80 11 0.136817
80 12 0.138203
80 13 0.138621
80 14 0.139663
80 15 0.140062
80 16 0.140008
80 17 0.141528
80 18 0.142124
80 19 0.141358
80 20 0.141436
80 21 0.140903
80 22 0.140499
80 23 0.140913
80 24 0.139949
80 25 0.139989
80 26 0.13994
80 27 0.140258
80 28 0.136165
80 29 0.138617
80 30 0.141215
80 31 0.142394
80 32 0.144457
80 33 0.14523
80 34 0.144876
80 35 0.146306
80 36 0.14758
80 37 0.149085
80 38 0.150664
80 39 0.153003
80 40 0.155234
80 41 0.158565
80 42 0.161097
80 43 0.164534
80 44 0.165844
80 45 0.166542
80 46 0.167003
80 47 0.169418
80 48 0.16889
80 49 0.168226
80 50 0.1638
80 51 0.163306
80 52 0.16122
80 53 0.159203
80 54 0.15832
80 55 0.158188
80 56 0.157428
80 57 0.157322
80 58 0.15672
80 59 0.159495
80 60 0.159731
80 61 0.159791
80 62 0.159504
80 63 0.158644
80 64 0.156449
80 65 0.153721
80 66 0.151856
80 67 0.1494
80 68 0.151441
80 69 0.15148
80 70 0.15222
80 71 0.150385
80 72 0.149089
80 73 0.151455
80 74 0.151458
80 75 0.15039
80 76 0.151394
80 77 0.151997
80 78 0.153017
80 79 0.153598
80 80 0.154692
80 81 0.153937

81 0 0.139142
81 1 0.138562
81 2 0.13645
81 3 0.13539
81 4 0.134834
81 5 0.133204
81 6 0.134818
81 7 0.134822
81 8 0.134563
81 9 0.135917
81 10 0.135982
81 11 0.136397
81 12 0.137246
81 13 0.139156
81 14 0.139941
81 15 0.138847
81 16 0.139989
81 17 0.141894
81 18 0.142014
81 19 0.141356
81 20 0.138939
81 21 0.140152
81 22 0.140123
81 23 0.140305
81 24 0.140064
81 25 0.139514
81 26 0.141075
81 27 0.140584
81 28 0.136415
81 29 0.136815
81 30 0.139029
81 31 0.139902
81 32 0.142047
81 33 0.142778
81 34 0.143867
81 35 0.144808
81 36 0.145184
81 37 0.146664
81 38 0.147376
81 39 0.150115
81 40 0.153629
81 41 0.154937
81 42 0.157047
81 43 0.160945
81 44 0.162642
81 45 0.164211
81 46 0.164915
81 47 0.166236
81 48 0.166737
81 49 0.165017
81 50 0.161559
81 51 0.158894
81 52 0.15759
81 53 0.156306
81 54 0.155298
81 55 0.154146
81 56 0.154224
81 57 0.1553
81 58 0.154359
81 59 0.156765
81 60 0.157431
81 61 0.157038
81 62 0.157019
81 63 0.155544
81 64 0.15288
81 65 0.152325
81 66 0.150048
81 67 0.148362
81 68 0.149417
81 69 0.150003
81 70 0.150908
81 71 0.149552
81 72 0.148524
81 73 0.150156
81 74 0.151029
81 75 0.15042
81 76 0.150297
81 77 0.151437
81 78 0.15046
81 79 0.152253
81 80 0.152945
81 81 0.152739

